"   ","ACCOUNT_BAL_MST_ID","GLCODE","NEW_AC_NUMBER","SUB_AC_NUMBER","TRANSACTION_DATE","PRINCIPAL_BALANCE","RECEIPT_AMOUNT","PAYMENT_AMOUNT","OD_INT_REC_PAY","INT_REC","SANCTION_AMOUNT","REPORT_BALANCE","ALNX_TYPE","OD_INT_RECEIPT","OD_INT_PAYMENT","INT_RECEIPT","INT_PAYMENT","AC_PRINCIPAL_BALANCE","AC_RECEIPT_AMOUNT","AC_PAYMENT_AMOUNT","AC_OD_INT_REC_PAY","AC_INT_REC","AC_OD_INT_RECEIPT","AC_OD_INT_PAYMENT","AC_INT_RECEIPT","AC_INT_PAYMENT","AC_INT_PAID","BR_INT_PAID","AC_RECOVERY","TDS_DEDUCTED","AMORT_CHG_BALANCE","MONTHLY_RECOVERY","AC_CHG_AMORTZ_BAL","BR_CHG_AMORTZ_BAL"
"1","15859","1050101","000104420000003","1","7/31/2024","-10244624.69","9000000.00","-19244624.69","0.00","0.00","20000000.00","-10244624.69","LN","0.00","0.00","0.00","0.00","-10244624.69","9000000.00","-19244624.69","0.00","0.00","0.00","0.00","0.00","0.00","0.00","0.00","0.00","0.00","0.00","0.00","0.00","0.00"
"2","19181","1050101","000104420000003","1","8/31/2024","0.00","10244624.69","0.00","0.00","0.00","20000000.00","0.00","LN","0.00","0.00","0.00","0.00","0.00","10244624.69","0.00","0.00","0.00","0.00","0.00","0.00","0.00","0.00","0.00","26586601.69","0.00","0.00","10244624.69","0.00","0.00"
"3","317537","1050101","000104420000005","1","7/31/2024","-399120982.24","243355167.26","-642476149.50","0.00","0.00","370000000.00","-399120982.24","LN","0.00","0.00","0.00","0.00","-399120982.24","243355167.26","-642476149.50","0.00","0.00","0.00","0.00","0.00","0.00","0.00","0.00","0.00","0.00","0.00","0.00","0.00","0.00"
"4","317538","1050101","000104420000005","1","8/31/2024","-410120865.86","0.00","-10999883.62","0.00","0.00","370000000.00","-410120865.86","LN","0.00","0.00","0.00","0.00","-410120865.86","0.00","-10999883.62","0.00","0.00","0.00","0.00","0.00","0.00","0.00","0.00","0.00","0.00","0.00","0.00","0.00","0.00"
"5","317539","1050101","000104420000005","1","9/30/2024","-388535365.94","31900000.00","-10314500.08","0.00","0.00","370000000.00","-388535365.94","LN","0.00","0.00","0.00","0.00","-388535365.94","31900000.00","-10314500.08","0.00","0.00","0.00","0.00","0.00","0.00","0.00","0.00","0.00","0.00","0.00","0.00","0.00","0.00"
"6","317540","1050101","000104420000005","1","10/31/2024","-399243507.07","0.00","-10708141.13","0.00","0.00","370000000.00","-399243507.07","LN","0.00","0.00","0.00","0.00","-399243507.07","0.00","-10708141.13","0.00","0.00","0.00","0.00","0.00","0.00","0.00","0.00","0.00","0.00","0.00","0.00","0.00","0.00"
"7","317541","1050101","000104420000005","1","11/30/2024","-409891823.77","0.00","-10648316.70","0.00","0.00","370000000.00","-409891823.77","LN","0.00","0.00","0.00","0.00","-409891823.77","0.00","-10648316.70","0.00","0.00","0.00","0.00","0.00","0.00","0.00","0.00","0.00","0.00","0.00","0.00","0.00","0.00"
"8","317542","1050101","000104420000005","1","12/31/2024","-421188554.85","0.00","-11296731.08","0.00","0.00","370000000.00","-421188554.85","LN","0.00","0.00","0.00","0.00","-421188554.85","0.00","-11296731.08","0.00","0.00","0.00","0.00","0.00","0.00","0.00","0.00","0.00","0.00","0.00","0.00","0.00","0.00"
"9","317543","1050101","000104420000005","1","1/31/2025","-432796626.68","0.00","-11608071.83","0.00","0.00","370000000.00","-432796626.68","LN","0.00","0.00","0.00","0.00","-432796626.68","0.00","-11608071.83","0.00","0.00","0.00","0.00","0.00","0.00","0.00","0.00","0.00","0.00","0.00","0.00","0.00","0.00"
"10","317544","1050101","000104420000005","1","2/28/2025","-443570298.40","0.00","-10773671.72","0.00","0.00","370000000.00","-443570298.40","LN","0.00","0.00","0.00","0.00","-443570298.40","0.00","-10773671.72","0.00","0.00","0.00","0.00","0.00","0.00","0.00","0.00","0.00","0.00","0.00","0.00","0.00","0.00"
"11","317545","1050101","000104420000005","1","3/31/2025","-455795217.22","0.00","-12224918.82","0.00","0.00","370000000.00","-455795217.22","LN","0.00","0.00","0.00","0.00","-455795217.22","0.00","-12224918.82","0.00","0.00","0.00","0.00","0.00","0.00","0.00","0.00","0.00","0.00","0.00","0.00","0.00","0.00"
"12","317546","1050101","000104420000005","1","4/30/2025","-467951837.62","0.00","-12156620.40","0.00","0.00","370000000.00","-467951837.62","LN","0.00","0.00","0.00","0.00","-467951837.62","0.00","-12156620.40","0.00","0.00","0.00","0.00","0.00","0.00","0.00","0.00","0.00","0.00","0.00","0.00","0.00","0.00"
"13","317547","1050101","000104420000005","1","5/31/2025","-480912821.33","0.00","-12960983.71","0.00","0.00","370000000.00","-480912821.33","LN","0.00","0.00","0.00","0.00","-480912821.33","0.00","-12960983.71","0.00","0.00","0.00","0.00","0.00","0.00","0.00","0.00","0.00","0.00","0.00","0.00","0.00","0.00"
"14","317548","1050101","000104420000005","1","6/30/2025","-493818413.33","0.00","-12905592.00","0.00","0.00","370000000.00","-493818413.33","LN","0.00","0.00","0.00","0.00","-493818413.33","0.00","-12905592.00","0.00","0.00","0.00","0.00","0.00","0.00","0.00","0.00","0.00","0.00","0.00","0.00","0.00","0.00"
"15","317549","1050101","000104420000005","1","7/31/2025","-306080832.77","200000000.00","-12262419.44","0.00","0.00","370000000.00","-306080832.77","LN","0.00","0.00","0.00","0.00","-306080832.77","200000000.00","-12262419.44","0.00","0.00","0.00","0.00","0.00","0.00","0.00","0.00","0.00","0.00","0.00","0.00","0.00","0.00"
"16","317550","1050101","000104420000005","1","8/31/2025","-314591137.72","0.00","-8510304.95","0.00","0.00","370000000.00","-314591137.72","LN","0.00","0.00","0.00","0.00","-314591137.72","0.00","-8510304.95","0.00","0.00","0.00","0.00","0.00","0.00","0.00","0.00","0.00","0.00","0.00","0.00","0.00","0.00"
"17","317551","1050101","000104420000005","1","9/30/2025","-323042865.71","0.00","-8451727.99","0.00","0.00","370000000.00","-323042865.71","LN","0.00","0.00","0.00","0.00","-323042865.71","0.00","-8451727.99","0.00","0.00","0.00","0.00","0.00","0.00","0.00","0.00","0.00","0.00","0.00","0.00","0.00","0.00"
"18","317552","1050101","000104420000005","1","10/31/2025","-332000888.59","0.00","-8958022.88","0.00","0.00","370000000.00","-332000888.59","LN","0.00","0.00","0.00","0.00","-332000888.59","0.00","-8958022.88","0.00","0.00","0.00","0.00","0.00","0.00","0.00","0.00","0.00","0.00","0.00","0.00","0.00","0.00"
"19","317553","1050101","000104420000005","1","11/30/2025","-138135680.80","402000000.00","-208134792.21","0.00","0.00","370000000.00","-138135680.80","LN","0.00","0.00","0.00","0.00","-138135680.80","402000000.00","-208134792.21","0.00","0.00","0.00","0.00","0.00","0.00","0.00","0.00","0.00","0.00","0.00","0.00","0.00","0.00"
"20","325178","1050101","000104420000005","1","12/31/2025","-138135680.80","0.00","0.00","0.00","0.00","370000000.00","-138135680.80","LN","0.00","0.00","0.00","0.00","-138135680.80","0.00","0.00","0.00","0.00","0.00","0.00","0.00","0.00","-102094306.27","-102094306.27","677255167.26","0.00","0.00","0.00","0.00","0.00"
"21","328976","1050101","000104420000005","1","1/31/2026","-138135680.80","0.00","0.00","0.00","0.00","370000000.00","-138135680.80","LN","0.00","0.00","0.00","0.00","-138135680.80","0.00","0.00","0.00","0.00","0.00","0.00","0.00","0.00","-102094306.27","-102094306.27","677255167.26","0.00","0.00","0.00","0.00","0.00"
"22","332790","1050101","000104420000005","1","2/28/2026","0.00","138135680.80","0.00","0.00","0.00","370000000.00","0.00","LN","0.00","0.00","0.00","0.00","0.00","138135680.80","0.00","0.00","0.00","0.00","0.00","0.00","0.00","-102094306.27","-102094306.27","677255167.26","0.00","0.00","0.00","0.00","0.00"
"23","15861","1050101","000104420000006","1","7/31/2024","-12847906.89","2000000.00","-14847906.89","0.00","0.00","17000000.00","-12847906.89","LN","0.00","0.00","0.00","0.00","-12847906.89","2000000.00","-14847906.89","0.00","0.00","0.00","0.00","0.00","0.00","0.00","0.00","0.00","0.00","0.00","0.00","0.00","0.00"
"24","19183","1050101","000104420000006","1","8/31/2024","-12847906.89","0.00","0.00","0.00","0.00","17000000.00","-12847906.89","LN","0.00","0.00","0.00","0.00","-12847906.89","0.00","0.00","0.00","0.00","0.00","0.00","0.00","0.00","0.00","0.00","2255000.00","0.00","0.00","0.00","0.00","0.00"
"25","19698","1050101","000104420000006","1","9/30/2024","-13197440.35","0.00","-349533.46","0.00","0.00","17000000.00","-13197440.35","LN","0.00","0.00","0.00","0.00","-13197440.35","0.00","-349533.46","0.00","0.00","0.00","0.00","0.00","0.00","-349533.46","-349533.46","2255000.00","0.00","0.00","0.00","0.00","0.00"
"26","20359","1050101","000104420000006","1","10/31/2024","-13568451.13","0.00","-371010.78","0.00","0.00","17000000.00","-13568451.13","LN","0.00","0.00","0.00","0.00","-13568451.13","0.00","-371010.78","0.00","0.00","0.00","0.00","0.00","0.00","-720544.24","-720544.24","2255000.00","0.00","0.00","0.00","0.00","0.00"
"27","21013","1050101","000104420000006","1","11/30/2024","-13826065.93","0.00","-257614.80","0.00","0.00","17000000.00","-13826065.93","LN","0.00","0.00","0.00","0.00","-13826065.93","0.00","-257614.80","0.00","0.00","0.00","0.00","0.00","0.00","-978159.04","-978159.04","2255000.00","0.00","0.00","0.00","0.00","0.00"
"28","21634","1050101","000104420000006","1","12/31/2024","-14097322.13","0.00","-271256.20","0.00","0.00","17000000.00","-14097322.13","LN","0.00","0.00","0.00","0.00","-14097322.13","0.00","-271256.20","0.00","0.00","0.00","0.00","0.00","0.00","-1249415.24","-1249415.24","2255000.00","0.00","0.00","0.00","0.00","0.00"
"29","22444","1050101","000104420000006","1","1/31/2025","-14373900.10","0.00","-276577.97","0.00","0.00","17000000.00","-14373900.10","LN","0.00","0.00","0.00","0.00","-14373900.10","0.00","-276577.97","0.00","0.00","0.00","0.00","0.00","0.00","-1525993.21","-1525993.21","2255000.00","0.00","0.00","0.00","0.00","0.00"
"30","23431","1050101","000104420000006","1","2/28/2025","-14628613.58","0.00","-254713.48","0.00","0.00","17000000.00","-14628613.58","LN","0.00","0.00","0.00","0.00","-14628613.58","0.00","-254713.48","0.00","0.00","0.00","0.00","0.00","0.00","-1780706.69","-1780706.69","2255000.00","0.00","0.00","0.00","0.00","0.00"
"31","24472","1050101","000104420000006","1","3/31/2025","-14915614.99","0.00","-287001.41","0.00","0.00","17000000.00","-14915614.99","LN","0.00","0.00","0.00","0.00","-14915614.99","0.00","-287001.41","0.00","0.00","0.00","0.00","0.00","0.00","-1780706.69","-1780706.69","2255000.00","0.00","0.00","0.00","0.00","0.00"
"32","25575","1050101","000104420000006","1","4/30/2025","-15198807.49","0.00","-283192.50","0.00","0.00","17000000.00","-15198807.49","LN","0.00","0.00","0.00","0.00","-15198807.49","0.00","-283192.50","0.00","0.00","0.00","0.00","0.00","0.00","-1780706.69","-1780706.69","2255000.00","0.00","0.00","0.00","0.00","0.00"
"33","26743","1050101","000104420000006","1","5/31/2025","-15496995.56","0.00","-298188.07","0.00","0.00","17000000.00","-15496995.56","LN","0.00","0.00","0.00","0.00","-15496995.56","0.00","-298188.07","0.00","0.00","0.00","0.00","0.00","0.00","-1780706.69","-1780706.69","2255000.00","0.00","0.00","0.00","0.00","0.00"
"34","69162","1050101","000104420000006","1","6/30/2025","-15791226.26","0.00","-294230.70","0.00","0.00","17000000.00","-15791226.26","LN","0.00","0.00","0.00","0.00","-15791226.26","0.00","-294230.70","0.00","0.00","0.00","0.00","0.00","0.00","-1780706.69","-1780706.69","2255000.00","0.00","0.00","0.00","0.00","0.00"
"35","182502","1050101","000104420000006","1","7/31/2025","-16101037.16","0.00","-309810.90","0.00","0.00","17000000.00","-16101037.16","LN","0.00","0.00","0.00","0.00","-16101037.16","0.00","-309810.90","0.00","0.00","0.00","0.00","0.00","0.00","-1780706.69","-1780706.69","2255000.00","0.00","0.00","0.00","0.00","0.00"
"36","260801","1050101","000104420000006","1","8/31/2025","-16416926.23","0.00","-315889.07","0.00","0.00","17000000.00","-16416926.23","LN","0.00","0.00","0.00","0.00","-16416926.23","0.00","-315889.07","0.00","0.00","0.00","0.00","0.00","0.00","-1780706.69","-1780706.69","2255000.00","0.00","0.00","0.00","0.00","0.00"
"37","268393","1050101","000104420000006","1","9/30/2025","-16728622.93","0.00","-311696.70","0.00","0.00","17000000.00","-16728622.93","LN","0.00","0.00","0.00","0.00","-16728622.93","0.00","-311696.70","0.00","0.00","0.00","0.00","0.00","0.00","-1780706.69","-1780706.69","2255000.00","0.00","0.00","0.00","0.00","0.00"
"38","288992","1050101","000104420000006","1","10/31/2025","-17056824.89","0.00","-328201.96","0.00","0.00","17000000.00","-17056824.89","LN","0.00","0.00","0.00","0.00","-17056824.89","0.00","-328201.96","0.00","0.00","0.00","0.00","0.00","0.00","-1780706.69","-1780706.69","2255000.00","0.00","0.00","0.00","0.00","0.00"
"39","292786","1050101","000104420000006","1","11/30/2025","-17380670.99","0.00","-323846.10","0.00","0.00","17000000.00","-17380670.99","LN","0.00","0.00","0.00","0.00","-17380670.99","0.00","-323846.10","0.00","0.00","0.00","0.00","0.00","0.00","-1780706.69","-1780706.69","2255000.00","0.00","0.00","0.00","0.00","0.00"
"40","325179","1050101","000104420000006","1","12/31/2025","-17380670.99","0.00","0.00","0.00","0.00","17000000.00","-17380670.99","LN","0.00","0.00","0.00","0.00","-17380670.99","0.00","0.00","0.00","0.00","0.00","0.00","0.00","0.00","-1780706.69","-1780706.69","2255000.00","0.00","0.00","0.00","0.00","0.00"
"41","328977","1050101","000104420000006","1","1/31/2026","-17380670.99","0.00","0.00","0.00","0.00","17000000.00","-17380670.99","LN","0.00","0.00","0.00","0.00","-17380670.99","0.00","0.00","0.00","0.00","0.00","0.00","0.00","0.00","-1780706.69","-1780706.69","2255000.00","0.00","0.00","0.00","0.00","0.00"
"42","332791","1050101","000104420000006","1","2/28/2026","-17380670.99","0.00","0.00","0.00","0.00","17000000.00","-17380670.99","LN","0.00","0.00","0.00","0.00","-17380670.99","0.00","0.00","0.00","0.00","0.00","0.00","0.00","0.00","-1780706.69","-1780706.69","2255000.00","0.00","0.00","0.00","0.00","0.00"
"43","336590","1050101","000104420000006","1","3/31/2026","-17380670.99","0.00","0.00","0.00","0.00","17000000.00","-17380670.99","LN","0.00","0.00","0.00","0.00","-17380670.99","0.00","0.00","0.00","0.00","0.00","0.00","0.00","0.00","-1780706.69","-1780706.69","2255000.00","0.00","0.00","0.00","0.00","0.00"
"44","340372","1050101","000104420000006","1","4/30/2026","-17380670.99","0.00","0.00","0.00","0.00","17000000.00","-17380670.99","LN","0.00","0.00","0.00","0.00","-17380670.99","0.00","0.00","0.00","0.00","0.00","0.00","0.00","0.00","-1780706.69","-1780706.69","2255000.00","0.00","0.00","0.00","0.00","0.00"
"45","344153","1050101","000104420000006","1","5/31/2026","-17380670.99","0.00","0.00","0.00","0.00","17000000.00","-17380670.99","LN","0.00","0.00","0.00","0.00","-17380670.99","0.00","0.00","0.00","0.00","0.00","0.00","0.00","0.00","-1780706.69","-1780706.69","2255000.00","0.00","0.00","0.00","0.00","0.00"
"46","347934","1050101","000104420000006","1","6/30/2026","-17380670.99","0.00","0.00","0.00","0.00","17000000.00","-17380670.99","LN","0.00","0.00","0.00","0.00","-17380670.99","0.00","0.00","0.00","0.00","0.00","0.00","0.00","0.00","-1780706.69","-1780706.69","2255000.00","0.00","0.00","0.00","0.00","0.00"
"47","351716","1050101","000104420000006","1","7/31/2026","-17380670.99","0.00","0.00","0.00","0.00","17000000.00","-17380670.99","LN","0.00","0.00","0.00","0.00","-17380670.99","0.00","0.00","0.00","0.00","0.00","0.00","0.00","0.00","-1780706.69","-1780706.69","2255000.00","0.00","0.00","0.00","0.00","0.00"
"48","355481","1050101","000104420000006","1","8/31/2026","-17380670.99","0.00","0.00","0.00","0.00","17000000.00","-17380670.99","LN","0.00","0.00","0.00","0.00","-17380670.99","0.00","0.00","0.00","0.00","0.00","0.00","0.00","0.00","-1780706.69","-1780706.69","2255000.00","0.00","0.00","0.00","0.00","0.00"
"49","15862","1050101","000104420000007","1","7/31/2024","-180622387.58","336431799.34","-517054186.92","0.00","0.00","460000000.00","-180622387.58","LN","0.00","0.00","0.00","0.00","-180622387.58","336431799.34","-517054186.92","0.00","0.00","0.00","0.00","0.00","0.00","0.00","0.00","0.00","0.00","0.00","0.00","0.00","0.00"
"50","19184","1050101","000104420000007","1","8/31/2024","-176528693.19","8958096.70","-4864402.31","0.00","0.00","460000000.00","-176528693.19","LN","0.00","0.00","0.00","0.00","-176528693.19","8958096.70","-4864402.31","0.00","0.00","0.00","0.00","0.00","0.00","-19073621.05","-19073621.05","36047403.41","0.00","0.00","36047403.41","0.00","0.00"
"51","19699","1050101","000104420000007","1","9/30/2024","-172156106.09","9044883.60","-4672296.50","0.00","0.00","460000000.00","-172156106.09","LN","0.00","0.00","0.00","0.00","-172156106.09","9044883.60","-4672296.50","0.00","0.00","0.00","0.00","0.00","0.00","-23745917.55","-23745917.55","36047403.41","0.00","0.00","36047403.41","0.00","0.00"
"52","20360","1050101","000104420000007","1","10/31/2024","-167976520.65","8958096.70","-4778511.26","0.00","0.00","460000000.00","-167976520.65","LN","0.00","0.00","0.00","0.00","-167976520.65","8958096.70","-4778511.26","0.00","0.00","0.00","0.00","0.00","0.00","-28524428.81","-28524428.81","36047403.41","0.00","0.00","36047403.41","0.00","0.00"
"53","21014","1050101","000104420000007","1","11/30/2024","-163253287.45","8958096.70","-4234863.50","0.00","0.00","460000000.00","-163253287.45","LN","0.00","0.00","0.00","0.00","-163253287.45","8958096.70","-4234863.50","0.00","0.00","0.00","0.00","0.00","0.00","-32759292.31","-32759292.31","45005500.11","0.00","0.00","45005500.11","0.00","0.00"
"54","21635","1050101","000104420000007","1","12/31/2024","-149543645.88","17916193.40","-4206551.83","0.00","0.00","460000000.00","-149543645.88","LN","0.00","0.00","0.00","0.00","-149543645.88","17916193.40","-4206551.83","0.00","0.00","0.00","0.00","0.00","0.00","-36965844.14","-36965844.14","62921693.51","0.00","0.00","62921693.51","0.00","0.00"
"55","22445","1050101","000104420000007","1","1/31/2025","-153620656.45","0.00","-4077010.57","0.00","0.00","460000000.00","-153620656.45","LN","0.00","0.00","0.00","0.00","-153620656.45","0.00","-4077010.57","0.00","0.00","0.00","0.00","0.00","0.00","-41042854.71","-41042854.71","62921693.51","0.00","0.00","62921693.51","0.00","0.00"
"56","23432","1050101","000104420000007","1","2/28/2025","-148358755.44","8958096.70","-3696195.69","0.00","0.00","460000000.00","-148358755.44","LN","0.00","0.00","0.00","0.00","-148358755.44","8958096.70","-3696195.69","0.00","0.00","0.00","0.00","0.00","0.00","-44739050.40","-44739050.40","71879790.21","0.00","0.00","71879790.21","0.00","0.00"
"57","24473","1050101","000104420000007","1","3/31/2025","-143390217.98","8958096.70","-3989559.24","0.00","0.00","460000000.00","-143390217.98","LN","0.00","0.00","0.00","0.00","-143390217.98","8958096.70","-3989559.24","0.00","0.00","0.00","0.00","0.00","0.00","-44739050.40","-44739050.40","71879790.21","0.00","0.00","71879790.21","0.00","0.00"
"58","25576","1050101","000104420000007","1","4/30/2025","-137986797.79","8958096.70","-3554676.51","0.00","0.00","460000000.00","-137986797.79","LN","0.00","0.00","0.00","0.00","-137986797.79","8958096.70","-3554676.51","0.00","0.00","0.00","0.00","0.00","0.00","-44739050.40","-44739050.40","71879790.21","0.00","0.00","71879790.21","0.00","0.00"
"59","26744","1050101","000104420000007","1","5/31/2025","-132666847.81","17916193.40","-12596243.42","0.00","0.00","460000000.00","-132666847.81","LN","0.00","0.00","0.00","0.00","-132666847.81","17916193.40","-12596243.42","0.00","0.00","0.00","0.00","0.00","0.00","-44739050.40","-44739050.40","71879790.21","0.00","0.00","71879790.21","0.00","0.00"
"60","69163","1050101","000104420000007","1","6/30/2025","-127199074.01","8958096.70","-3490322.90","0.00","0.00","460000000.00","-127199074.01","LN","0.00","0.00","0.00","0.00","-127199074.01","8958096.70","-3490322.90","0.00","0.00","0.00","0.00","0.00","0.00","-44739050.40","-44739050.40","71879790.21","0.00","0.00","71879790.21","0.00","0.00"
"61","182503","1050101","000104420000007","1","7/31/2025","-121556013.28","8958096.70","-3315035.97","0.00","0.00","460000000.00","-121556013.28","LN","0.00","0.00","0.00","0.00","-121556013.28","8958096.70","-3315035.97","0.00","0.00","0.00","0.00","0.00","0.00","-44739050.40","-44739050.40","71879790.21","0.00","0.00","71879790.21","0.00","0.00"
"62","260802","1050101","000104420000007","1","8/31/2025","-115925135.06","8958596.70","-3327718.48","0.00","0.00","460000000.00","-115925135.06","LN","0.00","0.00","0.00","0.00","-115925135.06","8958596.70","-3327718.48","0.00","0.00","0.00","0.00","0.00","0.00","-44739050.40","-44739050.40","71879790.21","0.00","0.00","71879790.21","0.00","0.00"
"63","268394","1050101","000104420000007","1","9/30/2025","-109896979.01","8958596.70","-2930440.65","0.00","0.00","460000000.00","-109896979.01","LN","0.00","0.00","0.00","0.00","-109896979.01","8958596.70","-2930440.65","0.00","0.00","0.00","0.00","0.00","0.00","-44739050.40","-44739050.40","71879790.21","0.00","0.00","71879790.21","0.00","0.00"
"64","288993","1050101","000104420000007","1","10/31/2025","-5521006.88","107112197.63","-2736225.50","0.00","0.00","460000000.00","-5521006.88","LN","0.00","0.00","0.00","0.00","-5521006.88","107112197.63","-2736225.50","0.00","0.00","0.00","0.00","0.00","0.00","-44739050.40","-44739050.40","71879790.21","0.00","0.00","71879790.21","0.00","0.00"
"65","292787","1050101","000104420000007","1","11/30/2025","-5667578.18","0.00","-146571.30","0.00","0.00","460000000.00","-5667578.18","LN","0.00","0.00","0.00","0.00","-5667578.18","0.00","-146571.30","0.00","0.00","0.00","0.00","0.00","0.00","-44739050.40","-44739050.40","71879790.21","0.00","0.00","71879790.21","0.00","0.00"
"66","325180","1050101","000104420000007","1","12/31/2025","-5667578.18","0.00","0.00","0.00","0.00","460000000.00","-5667578.18","LN","0.00","0.00","0.00","0.00","-5667578.18","0.00","0.00","0.00","0.00","0.00","0.00","0.00","0.00","-44739050.40","-44739050.40","71879790.21","0.00","0.00","71879790.21","0.00","0.00"
"67","328978","1050101","000104420000007","1","1/31/2026","-5667578.18","0.00","0.00","0.00","0.00","460000000.00","-5667578.18","LN","0.00","0.00","0.00","0.00","-5667578.18","0.00","0.00","0.00","0.00","0.00","0.00","0.00","0.00","-44739050.40","-44739050.40","71879790.21","0.00","0.00","71879790.21","0.00","0.00"
"68","332792","1050101","000104420000007","1","2/28/2026","-5667578.18","0.00","0.00","0.00","0.00","460000000.00","-5667578.18","LN","0.00","0.00","0.00","0.00","-5667578.18","0.00","0.00","0.00","0.00","0.00","0.00","0.00","0.00","-44739050.40","-44739050.40","71879790.21","0.00","0.00","71879790.21","0.00","0.00"
"69","336591","1050101","000104420000007","1","3/31/2026","-5667578.18","0.00","0.00","0.00","0.00","460000000.00","-5667578.18","LN","0.00","0.00","0.00","0.00","-5667578.18","0.00","0.00","0.00","0.00","0.00","0.00","0.00","0.00","-44739050.40","-44739050.40","71879790.21","0.00","0.00","71879790.21","0.00","0.00"
"70","340373","1050101","000104420000007","1","4/30/2026","-5667578.18","0.00","0.00","0.00","0.00","460000000.00","-5667578.18","LN","0.00","0.00","0.00","0.00","-5667578.18","0.00","0.00","0.00","0.00","0.00","0.00","0.00","0.00","-44739050.40","-44739050.40","71879790.21","0.00","0.00","71879790.21","0.00","0.00"
"71","344154","1050101","000104420000007","1","5/31/2026","-5667578.18","0.00","0.00","0.00","0.00","460000000.00","-5667578.18","LN","0.00","0.00","0.00","0.00","-5667578.18","0.00","0.00","0.00","0.00","0.00","0.00","0.00","0.00","-44739050.40","-44739050.40","71879790.21","0.00","0.00","71879790.21","0.00","0.00"
"72","347935","1050101","000104420000007","1","6/30/2026","0.00","5667578.18","0.00","0.00","0.00","460000000.00","0.00","LN","0.00","0.00","0.00","0.00","0.00","5667578.18","0.00","0.00","0.00","0.00","0.00","0.00","0.00","-44739050.40","-44739050.40","71879790.21","0.00","0.00","71879790.21","0.00","0.00"
"73","15863","1050101","000104420000009","1","7/31/2024","-123850942.08","13800000.00","-137650942.08","0.00","0.00","81075926.78","-123850942.08","LN","0.00","0.00","0.00","0.00","-123850942.08","13800000.00","-137650942.08","0.00","0.00","0.00","0.00","0.00","0.00","0.00","0.00","0.00","0.00","0.00","0.00","0.00","0.00"
"74","19185","1050101","000104420000009","1","8/31/2024","-127493203.08","0.00","-3642261.00","0.00","0.00","81075926.78","-127493203.08","LN","0.00","0.00","0.00","0.00","-127493203.08","0.00","-3642261.00","0.00","0.00","0.00","0.00","0.00","0.00","-9100335.40","-9100335.40","14487340.00","0.00","0.00","9100000.00","0.00","0.00"
"75","19700","1050101","000104420000009","1","9/30/2024","-131151619.86","0.00","-3658416.78","0.00","0.00","81075926.78","-131151619.86","LN","0.00","0.00","0.00","0.00","-131151619.86","0.00","-3658416.78","0.00","0.00","0.00","0.00","0.00","0.00","-12758752.18","-12758752.18","14487340.00","0.00","0.00","9100000.00","0.00","0.00"
"76","20361","1050101","000104420000009","1","10/31/2024","-135070553.40","0.00","-3918933.54","0.00","0.00","81075926.78","-135070553.40","LN","0.00","0.00","0.00","0.00","-135070553.40","0.00","-3918933.54","0.00","0.00","0.00","0.00","0.00","0.00","-16677685.72","-16677685.72","14487340.00","0.00","0.00","9100000.00","0.00","0.00"
"77","21015","1050101","000104420000009","1","11/30/2024","-136342799.13","2500000.00","-3772245.73","0.00","0.00","81075926.78","-136342799.13","LN","0.00","0.00","0.00","0.00","-136342799.13","2500000.00","-3772245.73","0.00","0.00","0.00","0.00","0.00","0.00","-20449931.45","-20449931.45","16987340.00","0.00","0.00","11600000.00","0.00","0.00"
"78","21636","1050101","000104420000009","1","12/31/2024","-140279930.88","0.00","-3937131.75","0.00","0.00","81075926.78","-140279930.88","LN","0.00","0.00","0.00","0.00","-140279930.88","0.00","-3937131.75","0.00","0.00","0.00","0.00","0.00","0.00","-24387063.20","-24387063.20","16987340.00","0.00","0.00","11600000.00","0.00","0.00"
"79","22446","1050101","000104420000009","1","1/31/2025","-144330754.20","0.00","-4050823.32","0.00","0.00","81075926.78","-144330754.20","LN","0.00","0.00","0.00","0.00","-144330754.20","0.00","-4050823.32","0.00","0.00","0.00","0.00","0.00","0.00","-28437886.52","-28437886.52","16987340.00","0.00","0.00","11600000.00","0.00","0.00"
"80","23433","1050101","000104420000009","1","2/28/2025","-148095216.72","0.00","-3764462.52","0.00","0.00","81075926.78","-148095216.72","LN","0.00","0.00","0.00","0.00","-148095216.72","0.00","-3764462.52","0.00","0.00","0.00","0.00","0.00","0.00","-32202349.04","-32202349.04","16987340.00","0.00","0.00","11600000.00","0.00","0.00"
"81","24474","1050101","000104420000009","1","3/31/2025","-151108911.55","1250000.00","-4263694.83","0.00","0.00","81075926.78","-151108911.55","LN","0.00","0.00","0.00","0.00","-151108911.55","1250000.00","-4263694.83","0.00","0.00","0.00","0.00","0.00","0.00","-32202349.04","-32202349.04","16987340.00","0.00","0.00","11600000.00","0.00","0.00"
"82","25577","1050101","000104420000009","1","4/30/2025","-155331681.25","0.00","-4222769.70","0.00","0.00","81075926.78","-155331681.25","LN","0.00","0.00","0.00","0.00","-155331681.25","0.00","-4222769.70","0.00","0.00","0.00","0.00","0.00","0.00","-32202349.04","-32202349.04","16987340.00","0.00","0.00","11600000.00","0.00","0.00"
"83","26745","1050101","000104420000009","1","5/31/2025","-159838427.93","0.00","-4506746.68","0.00","0.00","81075926.78","-159838427.93","LN","0.00","0.00","0.00","0.00","-159838427.93","0.00","-4506746.68","0.00","0.00","0.00","0.00","0.00","0.00","-32202349.04","-32202349.04","16987340.00","0.00","0.00","11600000.00","0.00","0.00"
"84","69164","1050101","000104420000009","1","6/30/2025","-159312680.81","5000000.00","-4474252.88","0.00","0.00","81075926.78","-159312680.81","LN","0.00","0.00","0.00","0.00","-159312680.81","5000000.00","-4474252.88","0.00","0.00","0.00","0.00","0.00","0.00","-32202349.04","-32202349.04","16987340.00","0.00","0.00","11600000.00","0.00","0.00"
"85","182504","1050101","000104420000009","1","7/31/2025","-160776266.09","3100000.00","-4563585.28","0.00","0.00","81075926.78","-160776266.09","LN","0.00","0.00","0.00","0.00","-160776266.09","3100000.00","-4563585.28","0.00","0.00","0.00","0.00","0.00","0.00","-32202349.04","-32202349.04","16987340.00","0.00","0.00","11600000.00","0.00","0.00"
"86","260803","1050101","000104420000009","1","8/31/2025","-160448761.75","5000000.00","-4672495.66","0.00","0.00","81075926.78","-160448761.75","LN","0.00","0.00","0.00","0.00","-160448761.75","5000000.00","-4672495.66","0.00","0.00","0.00","0.00","0.00","0.00","-32202349.04","-32202349.04","16987340.00","0.00","0.00","11600000.00","0.00","0.00"
"87","268395","1050101","000104420000009","1","9/30/2025","-164963745.94","0.00","-4514984.19","0.00","0.00","81075926.78","-164963745.94","LN","0.00","0.00","0.00","0.00","-164963745.94","0.00","-4514984.19","0.00","0.00","0.00","0.00","0.00","0.00","-32202349.04","-32202349.04","16987340.00","0.00","0.00","11600000.00","0.00","0.00"
"88","288994","1050101","000104420000009","1","10/31/2025","-163738512.05","6000000.00","-4774766.11","0.00","0.00","81075926.78","-163738512.05","LN","0.00","0.00","0.00","0.00","-163738512.05","6000000.00","-4774766.11","0.00","0.00","0.00","0.00","0.00","0.00","-32202349.04","-32202349.04","16987340.00","0.00","0.00","11600000.00","0.00","0.00"
"89","292788","1050101","000104420000009","1","11/30/2025","-168341134.25","0.00","-4602622.20","0.00","0.00","81075926.78","-168341134.25","LN","0.00","0.00","0.00","0.00","-168341134.25","0.00","-4602622.20","0.00","0.00","0.00","0.00","0.00","0.00","-32202349.04","-32202349.04","16987340.00","0.00","0.00","11600000.00","0.00","0.00"
"90","325181","1050101","000104420000009","1","12/31/2025","-163241134.25","5100000.00","0.00","0.00","0.00","81075926.78","-163241134.25","LN","0.00","0.00","0.00","0.00","-163241134.25","5100000.00","0.00","0.00","0.00","0.00","0.00","0.00","0.00","-32202349.04","-32202349.04","16987340.00","0.00","0.00","11600000.00","0.00","0.00"
"91","328979","1050101","000104420000009","1","1/31/2026","-163241134.25","0.00","0.00","0.00","0.00","81075926.78","-163241134.25","LN","0.00","0.00","0.00","0.00","-163241134.25","0.00","0.00","0.00","0.00","0.00","0.00","0.00","0.00","-32202349.04","-32202349.04","16987340.00","0.00","0.00","11600000.00","0.00","0.00"
"92","332793","1050101","000104420000009","1","2/28/2026","-163241134.25","0.00","0.00","0.00","0.00","81075926.78","-163241134.25","LN","0.00","0.00","0.00","0.00","-163241134.25","0.00","0.00","0.00","0.00","0.00","0.00","0.00","0.00","-32202349.04","-32202349.04","16987340.00","0.00","0.00","11600000.00","0.00","0.00"
"93","336592","1050101","000104420000009","1","3/31/2026","-159241134.25","4000000.00","0.00","0.00","0.00","81075926.78","-159241134.25","LN","0.00","0.00","0.00","0.00","-159241134.25","4000000.00","0.00","0.00","0.00","0.00","0.00","0.00","0.00","-32202349.04","-32202349.04","16987340.00","0.00","0.00","11600000.00","0.00","0.00"
"94","340374","1050101","000104420000009","1","4/30/2026","-159241134.25","0.00","0.00","0.00","0.00","81075926.78","-159241134.25","LN","0.00","0.00","0.00","0.00","-159241134.25","0.00","0.00","0.00","0.00","0.00","0.00","0.00","0.00","-32202349.04","-32202349.04","16987340.00","0.00","0.00","11600000.00","0.00","0.00"
"95","344155","1050101","000104420000009","1","5/31/2026","-159241134.25","0.00","0.00","0.00","0.00","81075926.78","-159241134.25","LN","0.00","0.00","0.00","0.00","-159241134.25","0.00","0.00","0.00","0.00","0.00","0.00","0.00","0.00","-32202349.04","-32202349.04","16987340.00","0.00","0.00","11600000.00","0.00","0.00"
"96","347936","1050101","000104420000009","1","6/30/2026","-156241134.25","3000000.00","0.00","0.00","0.00","81075926.78","-156241134.25","LN","0.00","0.00","0.00","0.00","-156241134.25","3000000.00","0.00","0.00","0.00","0.00","0.00","0.00","0.00","-32202349.04","-32202349.04","16987340.00","0.00","0.00","11600000.00","0.00","0.00"
"97","351717","1050101","000104420000009","1","7/31/2026","-153741134.25","2500000.00","0.00","0.00","0.00","81075926.78","-153741134.25","LN","0.00","0.00","0.00","0.00","-153741134.25","2500000.00","0.00","0.00","0.00","0.00","0.00","0.00","0.00","-32202349.04","-32202349.04","16987340.00","0.00","0.00","11600000.00","0.00","0.00"
"98","355482","1050101","000104420000009","1","8/31/2026","-151341134.25","2400000.00","0.00","0.00","0.00","81075926.78","-151341134.25","LN","0.00","0.00","0.00","0.00","-151341134.25","2400000.00","0.00","0.00","0.00","0.00","0.00","0.00","0.00","-32202349.04","-32202349.04","16987340.00","0.00","0.00","11600000.00","0.00","0.00"
"99","19165","1050101","000104420000010","1","7/31/2024","-48009878.61","0.00","0.00","0.00","0.00","80000000.00","-48009878.61","LN","","","","","-48009878.61","0.00","0.00","0.00","0.00","","","","","0.00","0.00","0.00","0.00","0.00","0.00","0.00","0.00"
"100","19186","1050101","000104420000010","1","8/31/2024","-48252515.09","1001834.36","-1244470.84","0.00","0.00","80000000.00","-48252515.09","LN","0.00","0.00","0.00","0.00","-48252515.09","1001834.36","-1244470.84","0.00","0.00","0.00","0.00","0.00","0.00","-5663448.21","-5663448.21","79619445.85","0.00","0.00","1001834.36","0.00","0.00"
"101","19701","1050101","000104420000010","1","9/30/2024","-49481962.73","0.00","-1229447.64","0.00","0.00","80000000.00","-49481962.73","LN","0.00","0.00","0.00","0.00","-49481962.73","0.00","-1229447.64","0.00","0.00","0.00","0.00","0.00","0.00","-6892895.85","-6892895.85","79619445.85","0.00","0.00","1001834.36","0.00","0.00"
"102","20362","1050101","000104420000010","1","10/31/2024","-50784761.80","0.00","-1302799.07","0.00","0.00","80000000.00","-50784761.80","LN","0.00","0.00","0.00","0.00","-50784761.80","0.00","-1302799.07","0.00","0.00","0.00","0.00","0.00","0.00","-8195694.92","-8195694.92","79619445.85","0.00","0.00","1001834.36","0.00","0.00"
"103","21016","1050101","000104420000010","1","11/30/2024","-52078729.60","0.00","-1293967.80","0.00","0.00","80000000.00","-52078729.60","LN","0.00","0.00","0.00","0.00","-52078729.60","0.00","-1293967.80","0.00","0.00","0.00","0.00","0.00","0.00","-9489662.72","-9489662.72","79619445.85","0.00","0.00","1001834.36","0.00","0.00"
"104","21637","1050101","000104420000010","1","12/31/2024","-53449898.35","0.00","-1371168.75","0.00","0.00","80000000.00","-53449898.35","LN","0.00","0.00","0.00","0.00","-53449898.35","0.00","-1371168.75","0.00","0.00","0.00","0.00","0.00","0.00","-10860831.47","-10860831.47","79619445.85","0.00","0.00","1001834.36","0.00","0.00"
"105","22447","1050101","000104420000010","1","1/31/2025","-54857168.15","0.00","-1407269.80","0.00","0.00","80000000.00","-54857168.15","LN","0.00","0.00","0.00","0.00","-54857168.15","0.00","-1407269.80","0.00","0.00","0.00","0.00","0.00","0.00","-12268101.27","-12268101.27","79619445.85","0.00","0.00","1001834.36","0.00","0.00"
"106","23434","1050101","000104420000010","1","2/28/2025","-56161716.71","0.00","-1304548.56","0.00","0.00","80000000.00","-56161716.71","LN","0.00","0.00","0.00","0.00","-56161716.71","0.00","-1304548.56","0.00","0.00","0.00","0.00","0.00","0.00","-13572649.83","-13572649.83","79619445.85","0.00","0.00","1001834.36","0.00","0.00"
"107","24475","1050101","000104420000010","1","3/31/2025","-57640385.40","0.00","-1478668.69","0.00","0.00","80000000.00","-57640385.40","LN","0.00","0.00","0.00","0.00","-57640385.40","0.00","-1478668.69","0.00","0.00","0.00","0.00","0.00","0.00","-13572649.83","-13572649.83","79619445.85","0.00","0.00","1001834.36","0.00","0.00"
"108","25578","1050101","000104420000010","1","4/30/2025","-59109030.90","0.00","-1468645.50","0.00","0.00","80000000.00","-59109030.90","LN","0.00","0.00","0.00","0.00","-59109030.90","0.00","-1468645.50","0.00","0.00","0.00","0.00","0.00","0.00","-13572649.83","-13572649.83","79619445.85","0.00","0.00","1001834.36","0.00","0.00"
"109","26746","1050101","000104420000010","1","5/31/2025","-31135876.69","29512292.40","-1539138.19","0.00","0.00","80000000.00","-31135876.69","LN","0.00","0.00","0.00","0.00","-31135876.69","29512292.40","-1539138.19","0.00","0.00","0.00","0.00","0.00","0.00","-13572649.83","-13572649.83","79619445.85","0.00","0.00","1001834.36","0.00","0.00"
"110","69165","1050101","000104420000010","1","6/30/2025","-31934320.09","0.00","-798443.40","0.00","0.00","80000000.00","-31934320.09","LN","0.00","0.00","0.00","0.00","-31934320.09","0.00","-798443.40","0.00","0.00","0.00","0.00","0.00","0.00","-13572649.83","-13572649.83","79619445.85","0.00","0.00","1001834.36","0.00","0.00"
"111","182505","1050101","000104420000010","1","7/31/2025","-32780535.77","0.00","-846215.68","0.00","0.00","80000000.00","-32780535.77","LN","0.00","0.00","0.00","0.00","-32780535.77","0.00","-846215.68","0.00","0.00","0.00","0.00","0.00","0.00","-13572649.83","-13572649.83","79619445.85","0.00","0.00","1001834.36","0.00","0.00"
"112","260804","1050101","000104420000010","1","8/31/2025","-1276966.42","32319203.80","-815634.45","0.00","0.00","80000000.00","-1276966.42","LN","0.00","0.00","0.00","0.00","-1276966.42","32319203.80","-815634.45","0.00","0.00","0.00","0.00","0.00","0.00","-13572649.83","-13572649.83","79619445.85","0.00","0.00","1001834.36","0.00","0.00"
"113","268396","1050101","000104420000010","1","9/30/2025","-1309751.12","0.00","-32784.70","0.00","0.00","80000000.00","-1309751.12","LN","0.00","0.00","0.00","0.00","-1309751.12","0.00","-32784.70","0.00","0.00","0.00","0.00","0.00","0.00","-13572649.83","-13572649.83","79619445.85","0.00","0.00","1001834.36","0.00","0.00"
"114","288995","1050101","000104420000010","1","10/31/2025","-1344457.79","0.00","-34706.67","0.00","0.00","80000000.00","-1344457.79","LN","0.00","0.00","0.00","0.00","-1344457.79","0.00","-34706.67","0.00","0.00","0.00","0.00","0.00","0.00","-13572649.83","-13572649.83","79619445.85","0.00","0.00","1001834.36","0.00","0.00"
"115","292789","1050101","000104420000010","1","11/30/2025","-1378934.99","0.00","-34477.20","0.00","0.00","80000000.00","-1378934.99","LN","0.00","0.00","0.00","0.00","-1378934.99","0.00","-34477.20","0.00","0.00","0.00","0.00","0.00","0.00","-13572649.83","-13572649.83","79619445.85","0.00","0.00","1001834.36","0.00","0.00"
"116","325182","1050101","000104420000010","1","12/31/2025","-1500595.04","0.00","-121660.05","0.00","0.00","80000000.00","-1500595.04","LN","0.00","0.00","0.00","0.00","-1500595.04","0.00","-121660.05","0.00","0.00","0.00","0.00","0.00","0.00","-13572649.83","-13572649.83","79619445.85","0.00","0.00","1001834.36","0.00","0.00"
"117","328980","1050101","000104420000010","1","1/31/2026","-1540486.15","0.00","-39891.11","0.00","0.00","80000000.00","-1540486.15","LN","0.00","0.00","0.00","0.00","-1540486.15","0.00","-39891.11","0.00","0.00","0.00","0.00","0.00","0.00","-13572649.83","-13572649.83","79619445.85","0.00","0.00","1001834.36","0.00","0.00"
"118","332794","1050101","000104420000010","1","2/28/2026","-1576841.71","0.00","-36355.56","0.00","0.00","80000000.00","-1576841.71","LN","0.00","0.00","0.00","0.00","-1576841.71","0.00","-36355.56","0.00","0.00","0.00","0.00","0.00","0.00","-13572649.83","-13572649.83","79619445.85","0.00","0.00","1001834.36","0.00","0.00"
"119","336593","1050101","000104420000010","1","3/31/2026","-1615498.04","0.00","-38656.33","0.00","0.00","80000000.00","-1615498.04","LN","0.00","0.00","0.00","0.00","-1615498.04","0.00","-38656.33","0.00","0.00","0.00","0.00","0.00","0.00","-13572649.83","-13572649.83","79619445.85","0.00","0.00","1001834.36","0.00","0.00"
"120","340375","1050101","000104420000010","1","4/30/2026","-1652428.72","0.00","-36930.68","0.00","0.00","80000000.00","-1652428.72","LN","0.00","0.00","0.00","0.00","-1652428.72","0.00","-36930.68","0.00","0.00","0.00","0.00","0.00","0.00","-13572649.83","-13572649.83","79619445.85","0.00","0.00","1001834.36","0.00","0.00"
"121","344156","1050101","000104420000010","1","5/31/2026","-4931499.17","29546251.26","-32825321.71","0.00","0.00","80000000.00","-4931499.17","LN","0.00","0.00","0.00","0.00","-4931499.17","29546251.26","-32825321.71","0.00","0.00","0.00","0.00","0.00","0.00","-13572649.83","-13572649.83","79619445.85","0.00","0.00","1001834.36","0.00","0.00"
"122","347937","1050101","000104420000010","1","6/30/2026","-5040127.37","0.00","-108628.20","0.00","0.00","80000000.00","-5040127.37","LN","0.00","0.00","0.00","0.00","-5040127.37","0.00","-108628.20","0.00","0.00","0.00","0.00","0.00","0.00","-13572649.83","-13572649.83","79619445.85","0.00","0.00","1001834.36","0.00","0.00"
"123","351718","1050101","000104420000010","1","7/31/2026","-5154849.07","0.00","-114721.70","0.00","0.00","80000000.00","-5154849.07","LN","0.00","0.00","0.00","0.00","-5154849.07","0.00","-114721.70","0.00","0.00","0.00","0.00","0.00","0.00","-13572649.83","-13572649.83","79619445.85","0.00","0.00","1001834.36","0.00","0.00"
"124","355483","1050101","000104420000010","1","8/31/2026","-5272181.90","0.00","-117332.83","0.00","0.00","80000000.00","-5272181.90","LN","0.00","0.00","0.00","0.00","-5272181.90","0.00","-117332.83","0.00","0.00","0.00","0.00","0.00","0.00","-13572649.83","-13572649.83","79619445.85","0.00","0.00","1001834.36","0.00","0.00"
"125","15865","1050101","000104420000011","1","7/31/2024","-149222059.71","23143102.00","-172365161.71","0.00","0.00","96552500.00","-149222059.71","LN","0.00","0.00","0.00","0.00","-149222059.71","23143102.00","-172365161.71","0.00","0.00","0.00","0.00","0.00","0.00","0.00","0.00","0.00","0.00","0.00","0.00","0.00","0.00"
"126","19187","1050101","000104420000011","1","8/31/2024","-153387885.65","0.00","-4165825.94","0.00","0.00","96552500.00","-153387885.65","LN","0.00","0.00","0.00","0.00","-153387885.65","0.00","-4165825.94","0.00","0.00","0.00","0.00","0.00","0.00","-11550242.77","-11550242.77","23143102.00","0.00","0.00","0.00","0.00","0.00"
"127","19702","1050101","000104420000011","1","9/30/2024","-157582246.98","0.00","-4194361.33","0.00","0.00","96552500.00","-157582246.98","LN","0.00","0.00","0.00","0.00","-157582246.98","0.00","-4194361.33","0.00","0.00","0.00","0.00","0.00","0.00","-15744604.10","-15744604.10","23143102.00","0.00","0.00","0.00","0.00","0.00"
"128","20363","1050101","000104420000011","1","10/31/2024","-162085543.34","0.00","-4503296.36","0.00","0.00","96552500.00","-162085543.34","LN","0.00","0.00","0.00","0.00","-162085543.34","0.00","-4503296.36","0.00","0.00","0.00","0.00","0.00","0.00","-20247900.46","-20247900.46","23143102.00","0.00","0.00","0.00","0.00","0.00"
"129","21017","1050101","000104420000011","1","11/30/2024","-166348615.04","0.00","-4263071.70","0.00","0.00","96552500.00","-166348615.04","LN","0.00","0.00","0.00","0.00","-166348615.04","0.00","-4263071.70","0.00","0.00","0.00","0.00","0.00","0.00","-24510972.16","-24510972.16","23143102.00","0.00","0.00","0.00","0.00","0.00"
"130","21638","1050101","000104420000011","1","12/31/2024","-170869651.32","0.00","-4521036.28","0.00","0.00","96552500.00","-170869651.32","LN","0.00","0.00","0.00","0.00","-170869651.32","0.00","-4521036.28","0.00","0.00","0.00","0.00","0.00","0.00","-29032008.44","-29032008.44","23143102.00","0.00","0.00","0.00","0.00","0.00"
"131","22448","1050101","000104420000011","1","1/31/2025","-175513560.75","0.00","-4643909.43","0.00","0.00","96552500.00","-175513560.75","LN","0.00","0.00","0.00","0.00","-175513560.75","0.00","-4643909.43","0.00","0.00","0.00","0.00","0.00","0.00","-33675917.87","-33675917.87","23143102.00","0.00","0.00","0.00","0.00","0.00"
"132","23435","1050101","000104420000011","1","2/28/2025","-179822057.95","0.00","-4308497.20","0.00","0.00","96552500.00","-179822057.95","LN","0.00","0.00","0.00","0.00","-179822057.95","0.00","-4308497.20","0.00","0.00","0.00","0.00","0.00","0.00","-37984415.07","-37984415.07","23143102.00","0.00","0.00","0.00","0.00","0.00"
"133","24476","1050101","000104420000011","1","3/31/2025","-184709276.77","0.00","-4887218.82","0.00","0.00","96552500.00","-184709276.77","LN","0.00","0.00","0.00","0.00","-184709276.77","0.00","-4887218.82","0.00","0.00","0.00","0.00","0.00","0.00","-37984415.07","-37984415.07","23143102.00","0.00","0.00","0.00","0.00","0.00"
"134","25579","1050101","000104420000011","1","4/30/2025","-189567383.77","0.00","-4858107.00","0.00","0.00","96552500.00","-189567383.77","LN","0.00","0.00","0.00","0.00","-189567383.77","0.00","-4858107.00","0.00","0.00","0.00","0.00","0.00","0.00","-37984415.07","-37984415.07","23143102.00","0.00","0.00","0.00","0.00","0.00"
"135","26747","1050101","000104420000011","1","5/31/2025","-194745429.88","0.00","-5178046.11","0.00","0.00","96552500.00","-194745429.88","LN","0.00","0.00","0.00","0.00","-194745429.88","0.00","-5178046.11","0.00","0.00","0.00","0.00","0.00","0.00","-37984415.07","-37984415.07","23143102.00","0.00","0.00","0.00","0.00","0.00"
"136","69166","1050101","000104420000011","1","6/30/2025","-199899514.48","0.00","-5154084.60","0.00","0.00","96552500.00","-199899514.48","LN","0.00","0.00","0.00","0.00","-199899514.48","0.00","-5154084.60","0.00","0.00","0.00","0.00","0.00","0.00","-37984415.07","-37984415.07","23143102.00","0.00","0.00","0.00","0.00","0.00"
"137","182506","1050101","000104420000011","1","7/31/2025","-205366355.49","0.00","-5466841.01","0.00","0.00","96552500.00","-205366355.49","LN","0.00","0.00","0.00","0.00","-205366355.49","0.00","-5466841.01","0.00","0.00","0.00","0.00","0.00","0.00","-37984415.07","-37984415.07","23143102.00","0.00","0.00","0.00","0.00","0.00"
"138","260805","1050101","000104420000011","1","8/31/2025","-210982703.30","0.00","-5616347.81","0.00","0.00","96552500.00","-210982703.30","LN","0.00","0.00","0.00","0.00","-210982703.30","0.00","-5616347.81","0.00","0.00","0.00","0.00","0.00","0.00","-37984415.07","-37984415.07","23143102.00","0.00","0.00","0.00","0.00","0.00"
"139","268397","1050101","000104420000011","1","9/30/2025","-216566519.60","0.00","-5583816.30","0.00","0.00","96552500.00","-216566519.60","LN","0.00","0.00","0.00","0.00","-216566519.60","0.00","-5583816.30","0.00","0.00","0.00","0.00","0.00","0.00","-37984415.07","-37984415.07","23143102.00","0.00","0.00","0.00","0.00","0.00"
"140","288996","1050101","000104420000011","1","10/31/2025","-222489168.80","0.00","-5922649.20","0.00","0.00","96552500.00","-222489168.80","LN","0.00","0.00","0.00","0.00","-222489168.80","0.00","-5922649.20","0.00","0.00","0.00","0.00","0.00","0.00","-37984415.07","-37984415.07","23143102.00","0.00","0.00","0.00","0.00","0.00"
"141","292790","1050101","000104420000011","1","11/30/2025","-228377512.40","0.00","-5888343.60","0.00","0.00","96552500.00","-228377512.40","LN","0.00","0.00","0.00","0.00","-228377512.40","0.00","-5888343.60","0.00","0.00","0.00","0.00","0.00","0.00","-37984415.07","-37984415.07","23143102.00","0.00","0.00","0.00","0.00","0.00"
"142","325183","1050101","000104420000011","1","12/31/2025","-234585626.59","0.00","-6208114.19","0.00","0.00","96552500.00","-234585626.59","LN","0.00","0.00","0.00","0.00","-234585626.59","0.00","-6208114.19","0.00","0.00","0.00","0.00","0.00","0.00","-37984415.07","-37984415.07","23143102.00","0.00","0.00","0.00","0.00","0.00"
"143","328981","1050101","000104420000011","1","1/31/2026","-241020985.10","0.00","-6435358.51","0.00","0.00","96552500.00","-241020985.10","LN","0.00","0.00","0.00","0.00","-241020985.10","0.00","-6435358.51","0.00","0.00","0.00","0.00","0.00","0.00","-37984415.07","-37984415.07","23143102.00","0.00","0.00","0.00","0.00","0.00"
"144","332795","1050101","000104420000011","1","2/28/2026","-246993022.78","0.00","-5972037.68","0.00","0.00","96552500.00","-246993022.78","LN","0.00","0.00","0.00","0.00","-246993022.78","0.00","-5972037.68","0.00","0.00","0.00","0.00","0.00","0.00","-37984415.07","-37984415.07","23143102.00","0.00","0.00","0.00","0.00","0.00"
"145","336594","1050101","000104420000011","1","3/31/2026","-253768751.99","0.00","-6775729.21","0.00","0.00","96552500.00","-253768751.99","LN","0.00","0.00","0.00","0.00","-253768751.99","0.00","-6775729.21","0.00","0.00","0.00","0.00","0.00","0.00","-37984415.07","-37984415.07","23143102.00","0.00","0.00","0.00","0.00","0.00"
"146","340376","1050101","000104420000011","1","4/30/2026","-260505790.79","0.00","-6737038.80","0.00","0.00","96552500.00","-260505790.79","LN","0.00","0.00","0.00","0.00","-260505790.79","0.00","-6737038.80","0.00","0.00","0.00","0.00","0.00","0.00","-37984415.07","-37984415.07","23143102.00","0.00","0.00","0.00","0.00","0.00"
"147","344157","1050101","000104420000011","1","5/31/2026","-267652213.97","0.00","-7146423.18","0.00","0.00","96552500.00","-267652213.97","LN","0.00","0.00","0.00","0.00","-267652213.97","0.00","-7146423.18","0.00","0.00","0.00","0.00","0.00","0.00","-37984415.07","-37984415.07","23143102.00","0.00","0.00","0.00","0.00","0.00"
"148","347938","1050101","000104420000011","1","6/30/2026","-274757830.37","0.00","-7105616.40","0.00","0.00","96552500.00","-274757830.37","LN","0.00","0.00","0.00","0.00","-274757830.37","0.00","-7105616.40","0.00","0.00","0.00","0.00","0.00","0.00","-37984415.07","-37984415.07","23143102.00","0.00","0.00","0.00","0.00","0.00"
"149","351719","1050101","000104420000011","1","7/31/2026","-282295228.03","0.00","-7537397.66","0.00","0.00","96552500.00","-282295228.03","LN","0.00","0.00","0.00","0.00","-282295228.03","0.00","-7537397.66","0.00","0.00","0.00","0.00","0.00","0.00","-37984415.07","-37984415.07","23143102.00","0.00","0.00","0.00","0.00","0.00"
"150","355484","1050101","000104420000011","1","8/31/2026","-290039398.17","0.00","-7744170.14","0.00","0.00","96552500.00","-290039398.17","LN","0.00","0.00","0.00","0.00","-290039398.17","0.00","-7744170.14","0.00","0.00","0.00","0.00","0.00","0.00","-37984415.07","-37984415.07","23143102.00","0.00","0.00","0.00","0.00","0.00"
"151","19163","1050101","000104420000012","1","7/31/2024","-71228376.64","0.00","0.00","0.00","0.00","85000000.00","-71228376.64","LN","","","","","-71228376.64","0.00","0.00","0.00","0.00","","","","","0.00","0.00","0.00","0.00","0.00","0.00","0.00","0.00"
"152","19188","1050101","000104420000012","1","8/31/2024","-40459309.51","31983930.53","-1214863.40","0.00","0.00","85000000.00","-40459309.51","LN","0.00","0.00","0.00","0.00","-40459309.51","31983930.53","-1214863.40","0.00","0.00","0.00","0.00","0.00","0.00","-5930745.51","-5930745.51","91262042.88","0.00","0.00","31983930.53","0.00","0.00"
"153","19703","1050101","000104420000012","1","9/30/2024","-41556650.24","0.00","-1097340.73","0.00","0.00","85000000.00","-41556650.24","LN","0.00","0.00","0.00","0.00","-41556650.24","0.00","-1097340.73","0.00","0.00","0.00","0.00","0.00","0.00","-7028086.24","-7028086.24","91262042.88","0.00","0.00","31983930.53","0.00","0.00"
"154","20364","1050101","000104420000012","1","10/31/2024","-42742352.29","0.00","-1185702.05","0.00","0.00","85000000.00","-42742352.29","LN","0.00","0.00","0.00","0.00","-42742352.29","0.00","-1185702.05","0.00","0.00","0.00","0.00","0.00","0.00","-8213788.29","-8213788.29","91262042.88","0.00","0.00","31983930.53","0.00","0.00"
"155","21018","1050101","000104420000012","1","11/30/2024","-43831403.89","0.00","-1089051.60","0.00","0.00","85000000.00","-43831403.89","LN","0.00","0.00","0.00","0.00","-43831403.89","0.00","-1089051.60","0.00","0.00","0.00","0.00","0.00","0.00","-9302839.89","-9302839.89","91262042.88","0.00","0.00","31983930.53","0.00","0.00"
"156","21639","1050101","000104420000012","1","12/31/2024","-44985430.66","0.00","-1154026.77","0.00","0.00","85000000.00","-44985430.66","LN","0.00","0.00","0.00","0.00","-44985430.66","0.00","-1154026.77","0.00","0.00","0.00","0.00","0.00","0.00","-10456866.66","-10456866.66","91262042.88","0.00","0.00","31983930.53","0.00","0.00"
"157","22449","1050101","000104420000012","1","1/31/2025","-46169841.46","0.00","-1184410.80","0.00","0.00","85000000.00","-46169841.46","LN","0.00","0.00","0.00","0.00","-46169841.46","0.00","-1184410.80","0.00","0.00","0.00","0.00","0.00","0.00","-11641277.46","-11641277.46","91262042.88","0.00","0.00","31983930.53","0.00","0.00"
"158","23436","1050101","000104420000012","1","2/28/2025","-47267798.18","0.00","-1097956.72","0.00","0.00","85000000.00","-47267798.18","LN","0.00","0.00","0.00","0.00","-47267798.18","0.00","-1097956.72","0.00","0.00","0.00","0.00","0.00","0.00","-12739234.18","-12739234.18","91262042.88","0.00","0.00","31983930.53","0.00","0.00"
"159","24477","1050101","000104420000012","1","3/31/2025","-48512300.93","0.00","-1244502.75","0.00","0.00","85000000.00","-48512300.93","LN","0.00","0.00","0.00","0.00","-48512300.93","0.00","-1244502.75","0.00","0.00","0.00","0.00","0.00","0.00","-12739234.18","-12739234.18","91262042.88","0.00","0.00","31983930.53","0.00","0.00"
"160","25580","1050101","000104420000012","1","4/30/2025","-49748367.83","0.00","-1236066.90","0.00","0.00","85000000.00","-49748367.83","LN","0.00","0.00","0.00","0.00","-49748367.83","0.00","-1236066.90","0.00","0.00","0.00","0.00","0.00","0.00","-12739234.18","-12739234.18","91262042.88","0.00","0.00","31983930.53","0.00","0.00"
"161","26748","1050101","000104420000012","1","5/31/2025","-51064995.82","0.00","-1316627.99","0.00","0.00","85000000.00","-51064995.82","LN","0.00","0.00","0.00","0.00","-51064995.82","0.00","-1316627.99","0.00","0.00","0.00","0.00","0.00","0.00","-12739234.18","-12739234.18","91262042.88","0.00","0.00","31983930.53","0.00","0.00"
"162","69167","1050101","000104420000012","1","6/30/2025","-52374498.22","0.00","-1309502.40","0.00","0.00","85000000.00","-52374498.22","LN","0.00","0.00","0.00","0.00","-52374498.22","0.00","-1309502.40","0.00","0.00","0.00","0.00","0.00","0.00","-12739234.18","-12739234.18","91262042.88","0.00","0.00","31983930.53","0.00","0.00"
"163","182507","1050101","000104420000012","1","7/31/2025","-53762350.55","0.00","-1387852.33","0.00","0.00","85000000.00","-53762350.55","LN","0.00","0.00","0.00","0.00","-53762350.55","0.00","-1387852.33","0.00","0.00","0.00","0.00","0.00","0.00","-12739234.18","-12739234.18","91262042.88","0.00","0.00","31983930.53","0.00","0.00"
"164","260806","1050101","000104420000012","1","8/31/2025","-55190956.21","0.00","-1428605.66","0.00","0.00","85000000.00","-55190956.21","LN","0.00","0.00","0.00","0.00","-55190956.21","0.00","-1428605.66","0.00","0.00","0.00","0.00","0.00","0.00","-12739234.18","-12739234.18","91262042.88","0.00","0.00","31983930.53","0.00","0.00"
"165","268398","1050101","000104420000012","1","9/30/2025","-56607927.42","0.00","-1416971.21","0.00","0.00","85000000.00","-56607927.42","LN","0.00","0.00","0.00","0.00","-56607927.42","0.00","-1416971.21","0.00","0.00","0.00","0.00","0.00","0.00","-12739234.18","-12739234.18","91262042.88","0.00","0.00","31983930.53","0.00","0.00"
"166","288997","1050101","000104420000012","1","10/31/2025","-58107960.07","0.00","-1500032.65","0.00","0.00","85000000.00","-58107960.07","LN","0.00","0.00","0.00","0.00","-58107960.07","0.00","-1500032.65","0.00","0.00","0.00","0.00","0.00","0.00","-12739234.18","-12739234.18","91262042.88","0.00","0.00","31983930.53","0.00","0.00"
"167","292791","1050101","000104420000012","1","11/30/2025","-59598071.17","0.00","-1490111.10","0.00","0.00","85000000.00","-59598071.17","LN","0.00","0.00","0.00","0.00","-59598071.17","0.00","-1490111.10","0.00","0.00","0.00","0.00","0.00","0.00","-12739234.18","-12739234.18","91262042.88","0.00","0.00","31983930.53","0.00","0.00"
"168","325184","1050101","000104420000012","1","12/31/2025","-61272010.20","0.00","-1673939.03","0.00","0.00","85000000.00","-61272010.20","LN","0.00","0.00","0.00","0.00","-61272010.20","0.00","-1673939.03","0.00","0.00","0.00","0.00","0.00","0.00","-12739234.18","-12739234.18","91262042.88","0.00","0.00","31983930.53","0.00","0.00"
"169","328982","1050101","000104420000012","1","1/31/2026","-62900838.55","0.00","-1628828.35","0.00","0.00","85000000.00","-62900838.55","LN","0.00","0.00","0.00","0.00","-62900838.55","0.00","-1628828.35","0.00","0.00","0.00","0.00","0.00","0.00","-12739234.18","-12739234.18","91262042.88","0.00","0.00","31983930.53","0.00","0.00"
"170","332796","1050101","000104420000012","1","2/28/2026","-64385298.41","0.00","-1484459.86","0.00","0.00","85000000.00","-64385298.41","LN","0.00","0.00","0.00","0.00","-64385298.41","0.00","-1484459.86","0.00","0.00","0.00","0.00","0.00","0.00","-12739234.18","-12739234.18","91262042.88","0.00","0.00","31983930.53","0.00","0.00"
"171","336595","1050101","000104420000012","1","3/31/2026","-65963708.32","0.00","-1578409.91","0.00","0.00","85000000.00","-65963708.32","LN","0.00","0.00","0.00","0.00","-65963708.32","0.00","-1578409.91","0.00","0.00","0.00","0.00","0.00","0.00","-12739234.18","-12739234.18","91262042.88","0.00","0.00","31983930.53","0.00","0.00"
"172","340377","1050101","000104420000012","1","4/30/2026","-67471656.86","0.00","-1507948.54","0.00","0.00","85000000.00","-67471656.86","LN","0.00","0.00","0.00","0.00","-67471656.86","0.00","-1507948.54","0.00","0.00","0.00","0.00","0.00","0.00","-12739234.18","-12739234.18","91262042.88","0.00","0.00","31983930.53","0.00","0.00"
"173","344158","1050101","000104420000012","1","5/31/2026","-14203326.97","53875031.58","-606701.69","0.00","0.00","85000000.00","-14203326.97","LN","0.00","0.00","0.00","0.00","-14203326.97","53875031.58","-606701.69","0.00","0.00","0.00","0.00","0.00","0.00","-12739234.18","-12739234.18","91262042.88","0.00","0.00","31983930.53","0.00","0.00"
"174","347939","1050101","000104420000012","1","6/30/2026","-14511675.33","0.00","-308348.36","0.00","0.00","85000000.00","-14511675.33","LN","0.00","0.00","0.00","0.00","-14511675.33","0.00","-308348.36","0.00","0.00","0.00","0.00","0.00","0.00","-12739234.18","-12739234.18","91262042.88","0.00","0.00","31983930.53","0.00","0.00"
"175","351720","1050101","000104420000012","1","7/31/2026","-14838207.80","0.00","-326532.47","0.00","0.00","85000000.00","-14838207.80","LN","0.00","0.00","0.00","0.00","-14838207.80","0.00","-326532.47","0.00","0.00","0.00","0.00","0.00","0.00","-12739234.18","-12739234.18","91262042.88","0.00","0.00","31983930.53","0.00","0.00"
"176","355485","1050101","000104420000012","1","8/31/2026","-15172169.25","0.00","-333961.45","0.00","0.00","85000000.00","-15172169.25","LN","0.00","0.00","0.00","0.00","-15172169.25","0.00","-333961.45","0.00","0.00","0.00","0.00","0.00","0.00","-12739234.18","-12739234.18","91262042.88","0.00","0.00","31983930.53","0.00","0.00"
"177","15867","1050101","000104420000032","1","7/31/2024","-110020058.58","56295487.00","-166315545.58","0.00","0.00","104979420.00","-110020058.58","LN","0.00","0.00","0.00","0.00","-110020058.58","56295487.00","-166315545.58","0.00","0.00","0.00","0.00","0.00","0.00","0.00","0.00","0.00","0.00","0.00","0.00","0.00","0.00"
"178","19189","1050101","000104420000032","1","8/31/2024","-105192737.36","8000000.00","-3172678.78","0.00","0.00","104979420.00","-105192737.36","LN","0.00","0.00","0.00","0.00","-105192737.36","8000000.00","-3172678.78","0.00","0.00","0.00","0.00","0.00","0.00","-14455532.03","-14455532.03","55650487.00","0.00","0.00","18000000.00","0.00","0.00"
"179","19704","1050101","000104420000032","1","9/30/2024","-108174513.96","0.00","-2981776.60","0.00","0.00","104979420.00","-108174513.96","LN","0.00","0.00","0.00","0.00","-108174513.96","0.00","-2981776.60","0.00","0.00","0.00","0.00","0.00","0.00","-17437308.63","-17437308.63","55650487.00","0.00","0.00","18000000.00","0.00","0.00"
"180","20365","1050101","000104420000032","1","10/31/2024","-108314465.96","3000000.00","-3139952.00","0.00","0.00","104979420.00","-108314465.96","LN","0.00","0.00","0.00","0.00","-108314465.96","3000000.00","-3139952.00","0.00","0.00","0.00","0.00","0.00","0.00","-20577260.63","-20577260.63","55650487.00","0.00","0.00","18000000.00","0.00","0.00"
"181","21019","1050101","000104420000032","1","11/30/2024","-105215430.34","6000000.00","-2900964.38","0.00","0.00","104979420.00","-105215430.34","LN","0.00","0.00","0.00","0.00","-105215430.34","6000000.00","-2900964.38","0.00","0.00","0.00","0.00","0.00","0.00","-23478225.01","-23478225.01","61650487.00","0.00","0.00","24000000.00","0.00","0.00"
"182","21640","1050101","000104420000032","1","12/31/2024","-108184898.02","0.00","-2969467.68","0.00","0.00","104979420.00","-108184898.02","LN","0.00","0.00","0.00","0.00","-108184898.02","0.00","-2969467.68","0.00","0.00","0.00","0.00","0.00","0.00","-26447692.69","-26447692.69","61650487.00","0.00","0.00","24000000.00","0.00","0.00"
"183","22450","1050101","000104420000032","1","1/31/2025","-108235441.10","3000000.00","-3050543.08","0.00","0.00","104979420.00","-108235441.10","LN","0.00","0.00","0.00","0.00","-108235441.10","3000000.00","-3050543.08","0.00","0.00","0.00","0.00","0.00","0.00","-29498235.77","-29498235.77","64650487.00","0.00","0.00","27000000.00","0.00","0.00"
"184","23437","1050101","000104420000032","1","2/28/2025","-104934438.48","6000000.00","-2698997.38","0.00","0.00","104979420.00","-104934438.48","LN","0.00","0.00","0.00","0.00","-104934438.48","6000000.00","-2698997.38","0.00","0.00","0.00","0.00","0.00","0.00","-32197233.15","-32197233.15","70650487.00","0.00","0.00","33000000.00","0.00","0.00"
"185","24478","1050101","000104420000032","1","3/31/2025","-107895975.74","0.00","-2961537.26","0.00","0.00","104979420.00","-107895975.74","LN","0.00","0.00","0.00","0.00","-107895975.74","0.00","-2961537.26","0.00","0.00","0.00","0.00","0.00","0.00","-32197233.15","-32197233.15","70650487.00","0.00","0.00","33000000.00","0.00","0.00"
"186","25581","1050101","000104420000032","1","4/30/2025","-98831941.21","12000000.00","-2935965.47","0.00","0.00","104979420.00","-98831941.21","LN","0.00","0.00","0.00","0.00","-98831941.21","12000000.00","-2935965.47","0.00","0.00","0.00","0.00","0.00","0.00","-32197233.15","-32197233.15","70650487.00","0.00","0.00","33000000.00","0.00","0.00"
"187","26749","1050101","000104420000032","1","5/31/2025","-83214894.71","28700000.00","-13082953.50","0.00","0.00","104979420.00","-83214894.71","LN","0.00","0.00","0.00","0.00","-83214894.71","28700000.00","-13082953.50","0.00","0.00","0.00","0.00","0.00","0.00","-32197233.15","-32197233.15","70650487.00","0.00","0.00","33000000.00","0.00","0.00"
"188","69168","1050101","000104420000032","1","6/30/2025","-85501366.31","0.00","-2286471.60","0.00","0.00","104979420.00","-85501366.31","LN","0.00","0.00","0.00","0.00","-85501366.31","0.00","-2286471.60","0.00","0.00","0.00","0.00","0.00","0.00","-32197233.15","-32197233.15","70650487.00","0.00","0.00","33000000.00","0.00","0.00"
"189","182508","1050101","000104420000032","1","7/31/2025","-82915234.24","5000000.00","-2413867.93","0.00","0.00","104979420.00","-82915234.24","LN","0.00","0.00","0.00","0.00","-82915234.24","5000000.00","-2413867.93","0.00","0.00","0.00","0.00","0.00","0.00","-32197233.15","-32197233.15","70650487.00","0.00","0.00","33000000.00","0.00","0.00"
"190","260807","1050101","000104420000032","1","8/31/2025","-79264523.37","6000000.00","-2349289.13","0.00","0.00","104979420.00","-79264523.37","LN","0.00","0.00","0.00","0.00","-79264523.37","6000000.00","-2349289.13","0.00","0.00","0.00","0.00","0.00","0.00","-32197233.15","-32197233.15","70650487.00","0.00","0.00","33000000.00","0.00","0.00"
"191","268399","1050101","000104420000032","1","9/30/2025","-76866532.04","4500000.00","-2102008.67","0.00","0.00","104979420.00","-76866532.04","LN","0.00","0.00","0.00","0.00","-76866532.04","4500000.00","-2102008.67","0.00","0.00","0.00","0.00","0.00","0.00","-32197233.15","-32197233.15","70650487.00","0.00","0.00","33000000.00","0.00","0.00"
"192","288998","1050101","000104420000032","1","10/31/2025","-74035234.61","5000000.00","-2168702.57","0.00","0.00","104979420.00","-74035234.61","LN","0.00","0.00","0.00","0.00","-74035234.61","5000000.00","-2168702.57","0.00","0.00","0.00","0.00","0.00","0.00","-32197233.15","-32197233.15","70650487.00","0.00","0.00","33000000.00","0.00","0.00"
"193","292792","1050101","000104420000032","1","11/30/2025","-76069479.41","0.00","-2034244.80","0.00","0.00","104979420.00","-76069479.41","LN","0.00","0.00","0.00","0.00","-76069479.41","0.00","-2034244.80","0.00","0.00","0.00","0.00","0.00","0.00","-32197233.15","-32197233.15","70650487.00","0.00","0.00","33000000.00","0.00","0.00"
"194","325185","1050101","000104420000032","1","12/31/2025","-78177115.04","51362.16","-2158997.79","0.00","0.00","104979420.00","-78177115.04","LN","0.00","0.00","0.00","0.00","-78177115.04","51362.16","-2158997.79","0.00","0.00","0.00","0.00","0.00","0.00","-32197233.15","-32197233.15","70650487.00","0.00","0.00","33000000.00","0.00","0.00"
"195","328983","1050101","000104420000032","1","1/31/2026","-80388135.17","0.00","-2211020.13","0.00","0.00","104979420.00","-80388135.17","LN","0.00","0.00","0.00","0.00","-80388135.17","0.00","-2211020.13","0.00","0.00","0.00","0.00","0.00","0.00","-32197233.15","-32197233.15","70650487.00","0.00","0.00","33000000.00","0.00","0.00"
"196","332797","1050101","000104420000032","1","2/28/2026","-82408630.40","0.00","-2020495.23","0.00","0.00","104979420.00","-82408630.40","LN","0.00","0.00","0.00","0.00","-82408630.40","0.00","-2020495.23","0.00","0.00","0.00","0.00","0.00","0.00","-32197233.15","-32197233.15","70650487.00","0.00","0.00","33000000.00","0.00","0.00"
"197","336596","1050101","000104420000032","1","3/31/2026","-84568865.41","0.00","-2160235.01","0.00","0.00","104979420.00","-84568865.41","LN","0.00","0.00","0.00","0.00","-84568865.41","0.00","-2160235.01","0.00","0.00","0.00","0.00","0.00","0.00","-32197233.15","-32197233.15","70650487.00","0.00","0.00","33000000.00","0.00","0.00"
"198","340378","1050101","000104420000032","1","4/30/2026","-86641150.18","0.00","-2072284.77","0.00","0.00","104979420.00","-86641150.18","LN","0.00","0.00","0.00","0.00","-86641150.18","0.00","-2072284.77","0.00","0.00","0.00","0.00","0.00","0.00","-32197233.15","-32197233.15","70650487.00","0.00","0.00","33000000.00","0.00","0.00"
"199","344159","1050101","000104420000032","1","5/31/2026","-88748073.01","0.00","-2106922.83","0.00","0.00","104979420.00","-88748073.01","LN","0.00","0.00","0.00","0.00","-88748073.01","0.00","-2106922.83","0.00","0.00","0.00","0.00","0.00","0.00","-32197233.15","-32197233.15","70650487.00","0.00","0.00","33000000.00","0.00","0.00"
"200","347940","1050101","000104420000032","1","6/30/2026","-90820644.59","0.00","-2072571.58","0.00","0.00","104979420.00","-90820644.59","LN","0.00","0.00","0.00","0.00","-90820644.59","0.00","-2072571.58","0.00","0.00","0.00","0.00","0.00","0.00","-32197233.15","-32197233.15","70650487.00","0.00","0.00","33000000.00","0.00","0.00"
"201","351721","1050101","000104420000032","1","7/31/2026","-93018504.20","0.00","-2197859.61","0.00","0.00","104979420.00","-93018504.20","LN","0.00","0.00","0.00","0.00","-93018504.20","0.00","-2197859.61","0.00","0.00","0.00","0.00","0.00","0.00","-32197233.15","-32197233.15","70650487.00","0.00","0.00","33000000.00","0.00","0.00"
"202","355486","1050101","000104420000032","1","8/31/2026","-95290704.10","0.00","-2272199.90","0.00","0.00","104979420.00","-95290704.10","LN","0.00","0.00","0.00","0.00","-95290704.10","0.00","-2272199.90","0.00","0.00","0.00","0.00","0.00","0.00","-32197233.15","-32197233.15","70650487.00","0.00","0.00","33000000.00","0.00","0.00"
"203","20352","1050101","000104420000043","1","7/31/2024","-110484958.62","124235601.52","-234720560.14","0.00","0.00","154724500.00","-110484958.62","LN","0.00","0.00","0.00","0.00","-110484958.62","124235601.52","-234720560.14","0.00","0.00","0.00","0.00","0.00","0.00","0.00","0.00","0.00","0.00","0.00","0.00","0.00","0.00"
"204","20353","1050101","000104420000043","1","8/31/2024","-107540512.94","6225088.89","-3280643.21","0.00","0.00","154724500.00","-107540512.94","LN","0.00","0.00","0.00","0.00","-107540512.94","6225088.89","-3280643.21","0.00","0.00","0.00","0.00","0.00","0.00","0.00","0.00","0.00","0.00","0.00","0.00","0.00","0.00"
"205","20354","1050101","000104420000043","1","9/30/2024","-104445424.14","6225088.89","-3130000.09","0.00","0.00","154724500.00","-104445424.14","LN","0.00","0.00","0.00","0.00","-104445424.14","6225088.89","-3130000.09","0.00","0.00","0.00","0.00","0.00","0.00","0.00","0.00","0.00","0.00","0.00","0.00","0.00","0.00"
"206","20366","1050101","000104420000043","1","10/31/2024","-101427841.37","6225088.89","-3207506.12","0.00","0.00","154724500.00","-101427841.37","LN","0.00","0.00","0.00","0.00","-101427841.37","6225088.89","-3207506.12","0.00","0.00","0.00","0.00","0.00","0.00","-32638071.13","-32638071.13","136685779.30","0.00","0.00","0.00","0.00","0.00"
"207","21020","1050101","000104420000043","1","11/30/2024","-104253926.57","0.00","-2826085.20","0.00","0.00","154724500.00","-104253926.57","LN","0.00","0.00","0.00","0.00","-104253926.57","0.00","-2826085.20","0.00","0.00","0.00","0.00","0.00","0.00","-35464156.33","-35464156.33","136685779.30","0.00","0.00","0.00","0.00","0.00"
"208","21641","1050101","000104420000043","1","12/31/2024","-100850214.84","6237369.21","-2833657.48","0.00","0.00","154724500.00","-100850214.84","LN","0.00","0.00","0.00","0.00","-100850214.84","6237369.21","-2833657.48","0.00","0.00","0.00","0.00","0.00","0.00","-38297813.81","-38297813.81","142923148.51","0.00","0.00","6237369.21","0.00","0.00"
"209","22451","1050101","000104420000043","1","1/31/2025","-103753872.00","0.00","-2903657.16","0.00","0.00","154724500.00","-103753872.00","LN","0.00","0.00","0.00","0.00","-103753872.00","0.00","-2903657.16","0.00","0.00","0.00","0.00","0.00","0.00","-41201470.97","-41201470.97","142923148.51","0.00","0.00","6237369.21","0.00","0.00"
"210","23438","1050101","000104420000043","1","2/28/2025","-100150948.34","6237369.21","-2634445.55","0.00","0.00","154724500.00","-100150948.34","LN","0.00","0.00","0.00","0.00","-100150948.34","6237369.21","-2634445.55","0.00","0.00","0.00","0.00","0.00","0.00","-43835916.52","-43835916.52","149160517.72","0.00","0.00","12474738.42","0.00","0.00"
"211","24479","1050101","000104420000043","1","3/31/2025","-103034472.55","0.00","-2883524.21","0.00","0.00","154724500.00","-103034472.55","LN","0.00","0.00","0.00","0.00","-103034472.55","0.00","-2883524.21","0.00","0.00","0.00","0.00","0.00","0.00","-43835916.52","-43835916.52","149160517.72","0.00","0.00","12474738.42","0.00","0.00"
"212","25582","1050101","000104420000043","1","4/30/2025","-99552103.24","6237359.21","-2754989.90","0.00","0.00","154724500.00","-99552103.24","LN","0.00","0.00","0.00","0.00","-99552103.24","6237359.21","-2754989.90","0.00","0.00","0.00","0.00","0.00","0.00","-43835916.52","-43835916.52","149160517.72","0.00","0.00","12474738.42","0.00","0.00"
"213","26750","1050101","000104420000043","1","5/31/2025","-102432022.81","0.00","-2879919.57","0.00","0.00","154724500.00","-102432022.81","LN","0.00","0.00","0.00","0.00","-102432022.81","0.00","-2879919.57","0.00","0.00","0.00","0.00","0.00","0.00","-43835916.52","-43835916.52","149160517.72","0.00","0.00","12474738.42","0.00","0.00"
"214","69169","1050101","000104420000043","1","6/30/2025","-98383086.42","6894076.41","-2845140.02","0.00","0.00","154724500.00","-98383086.42","LN","0.00","0.00","0.00","0.00","-98383086.42","6894076.41","-2845140.02","0.00","0.00","0.00","0.00","0.00","0.00","-43835916.52","-43835916.52","149160517.72","0.00","0.00","12474738.42","0.00","0.00"
"215","182509","1050101","000104420000043","1","7/31/2025","-101232422.28","0.00","-2849335.86","0.00","0.00","154724500.00","-101232422.28","LN","0.00","0.00","0.00","0.00","-101232422.28","0.00","-2849335.86","0.00","0.00","0.00","0.00","0.00","0.00","-43835916.52","-43835916.52","149160517.72","0.00","0.00","12474738.42","0.00","0.00"
"216","260808","1050101","000104420000043","1","8/31/2025","-104171767.97","0.00","-2939345.69","0.00","0.00","154724500.00","-104171767.97","LN","0.00","0.00","0.00","0.00","-104171767.97","0.00","-2939345.69","0.00","0.00","0.00","0.00","0.00","0.00","-43835916.52","-43835916.52","149160517.72","0.00","0.00","12474738.42","0.00","0.00"
"217","268400","1050101","000104420000043","1","9/30/2025","-107094570.97","0.00","-2922803.00","0.00","0.00","154724500.00","-107094570.97","LN","0.00","0.00","0.00","0.00","-107094570.97","0.00","-2922803.00","0.00","0.00","0.00","0.00","0.00","0.00","-43835916.52","-43835916.52","149160517.72","0.00","0.00","12474738.42","0.00","0.00"
"218","288999","1050101","000104420000043","1","10/31/2025","-110196205.91","0.00","-3101634.94","0.00","0.00","154724500.00","-110196205.91","LN","0.00","0.00","0.00","0.00","-110196205.91","0.00","-3101634.94","0.00","0.00","0.00","0.00","0.00","0.00","-43835916.52","-43835916.52","149160517.72","0.00","0.00","12474738.42","0.00","0.00"
"219","292793","1050101","000104420000043","1","11/30/2025","-113284718.81","0.00","-3088512.90","0.00","0.00","154724500.00","-113284718.81","LN","0.00","0.00","0.00","0.00","-113284718.81","0.00","-3088512.90","0.00","0.00","0.00","0.00","0.00","0.00","-43835916.52","-43835916.52","149160517.72","0.00","0.00","12474738.42","0.00","0.00"
"220","325186","1050101","000104420000043","1","12/31/2025","65444499.06","209644876.04","-30915658.17","0.00","0.00","154724500.00","65444499.06","LN","0.00","0.00","0.00","0.00","65444499.06","209644876.04","-30915658.17","0.00","0.00","0.00","0.00","0.00","0.00","-43835916.52","-43835916.52","149160517.72","0.00","0.00","12474738.42","0.00","0.00"
"221","328984","1050101","000104420000043","1","1/31/2026","65444499.06","0.00","0.00","0.00","0.00","154724500.00","65444499.06","LN","0.00","0.00","0.00","0.00","65444499.06","0.00","0.00","0.00","0.00","0.00","0.00","0.00","0.00","-43835916.52","-43835916.52","149160517.72","0.00","0.00","12474738.42","0.00","0.00"
"222","332798","1050101","000104420000043","1","2/28/2026","65444499.06","0.00","0.00","0.00","0.00","154724500.00","65444499.06","LN","0.00","0.00","0.00","0.00","65444499.06","0.00","0.00","0.00","0.00","0.00","0.00","0.00","0.00","-43835916.52","-43835916.52","149160517.72","0.00","0.00","12474738.42","0.00","0.00"
"223","336597","1050101","000104420000043","1","3/31/2026","0.00","0.00","-65444499.06","0.00","0.00","154724500.00","0.00","LN","0.00","0.00","0.00","0.00","0.00","0.00","-65444499.06","0.00","0.00","0.00","0.00","0.00","0.00","-43835916.52","-43835916.52","149160517.72","0.00","0.00","12474738.42","0.00","0.00"
"224","15869","1050101","000104420000052","1","7/31/2024","-157964357.67","0.00","-157964357.67","0.00","0.00","103166500.00","-157964357.67","LN","0.00","0.00","0.00","0.00","-157964357.67","0.00","-157964357.67","0.00","0.00","0.00","0.00","0.00","0.00","0.00","0.00","0.00","0.00","0.00","0.00","0.00","0.00"
"225","19191","1050101","000104420000052","1","8/31/2024","-162610015.26","0.00","-4645657.59","0.00","0.00","103166500.00","-162610015.26","LN","0.00","0.00","0.00","0.00","-162610015.26","0.00","-4645657.59","0.00","0.00","0.00","0.00","0.00","0.00","-8542408.40","-8542408.40","0.00","0.00","0.00","0.00","0.00","0.00"
"226","19706","1050101","000104420000052","1","9/30/2024","-167127455.14","0.00","-4517439.88","0.00","0.00","103166500.00","-167127455.14","LN","0.00","0.00","0.00","0.00","-167127455.14","0.00","-4517439.88","0.00","0.00","0.00","0.00","0.00","0.00","-13059848.28","-13059848.28","0.00","0.00","0.00","0.00","0.00","0.00"
"227","20367","1050101","000104420000052","1","10/31/2024","-172069095.46","0.00","-4941640.32","0.00","0.00","103166500.00","-172069095.46","LN","0.00","0.00","0.00","0.00","-172069095.46","0.00","-4941640.32","0.00","0.00","0.00","0.00","0.00","0.00","-18001488.60","-18001488.60","0.00","0.00","0.00","0.00","0.00","0.00"
"228","21021","1050101","000104420000052","1","11/30/2024","-176849316.46","0.00","-4780221.00","0.00","0.00","103166500.00","-176849316.46","LN","0.00","0.00","0.00","0.00","-176849316.46","0.00","-4780221.00","0.00","0.00","0.00","0.00","0.00","0.00","-22781709.60","-22781709.60","0.00","0.00","0.00","0.00","0.00","0.00"
"229","21642","1050101","000104420000052","1","12/31/2024","-181926103.07","0.00","-5076786.61","0.00","0.00","103166500.00","-181926103.07","LN","0.00","0.00","0.00","0.00","-181926103.07","0.00","-5076786.61","0.00","0.00","0.00","0.00","0.00","0.00","-27858496.21","-27858496.21","0.00","0.00","0.00","0.00","0.00","0.00"
"230","22452","1050101","000104420000052","1","1/31/2025","-103738459.78","83333000.00","-5145356.71","0.00","0.00","103166500.00","-103738459.78","LN","0.00","0.00","0.00","0.00","-103738459.78","83333000.00","-5145356.71","0.00","0.00","0.00","0.00","0.00","0.00","-33003852.92","-33003852.92","83333000.00","0.00","0.00","83333000.00","0.00","0.00"
"231","23439","1050101","000104420000052","1","2/28/2025","-106428270.26","0.00","-2689810.48","0.00","0.00","103166500.00","-106428270.26","LN","0.00","0.00","0.00","0.00","-106428270.26","0.00","-2689810.48","0.00","0.00","0.00","0.00","0.00","0.00","-35693663.40","-35693663.40","83333000.00","0.00","0.00","83333000.00","0.00","0.00"
"232","24480","1050101","000104420000052","1","3/31/2025","-109483490.45","0.00","-3055220.19","0.00","0.00","103166500.00","-109483490.45","LN","0.00","0.00","0.00","0.00","-109483490.45","0.00","-3055220.19","0.00","0.00","0.00","0.00","0.00","0.00","-35693663.40","-35693663.40","83333000.00","0.00","0.00","83333000.00","0.00","0.00"
"233","25583","1050101","000104420000052","1","4/30/2025","-112525031.75","0.00","-3041541.30","0.00","0.00","103166500.00","-112525031.75","LN","0.00","0.00","0.00","0.00","-112525031.75","0.00","-3041541.30","0.00","0.00","0.00","0.00","0.00","0.00","-35693663.40","-35693663.40","83333000.00","0.00","0.00","83333000.00","0.00","0.00"
"234","26751","1050101","000104420000052","1","5/31/2025","-115770685.31","0.00","-3245653.56","0.00","0.00","103166500.00","-115770685.31","LN","0.00","0.00","0.00","0.00","-115770685.31","0.00","-3245653.56","0.00","0.00","0.00","0.00","0.00","0.00","-35693663.40","-35693663.40","83333000.00","0.00","0.00","83333000.00","0.00","0.00"
"235","69170","1050101","000104420000052","1","6/30/2025","-119005921.01","0.00","-3235235.70","0.00","0.00","103166500.00","-119005921.01","LN","0.00","0.00","0.00","0.00","-119005921.01","0.00","-3235235.70","0.00","0.00","0.00","0.00","0.00","0.00","-35693663.40","-35693663.40","83333000.00","0.00","0.00","83333000.00","0.00","0.00"
"236","182510","1050101","000104420000052","1","7/31/2025","-122442420.74","0.00","-3436499.73","0.00","0.00","103166500.00","-122442420.74","LN","0.00","0.00","0.00","0.00","-122442420.74","0.00","-3436499.73","0.00","0.00","0.00","0.00","0.00","0.00","-35693663.40","-35693663.40","83333000.00","0.00","0.00","83333000.00","0.00","0.00"
"237","260809","1050101","000104420000052","1","8/31/2025","-125987212.61","0.00","-3544791.87","0.00","0.00","103166500.00","-125987212.61","LN","0.00","0.00","0.00","0.00","-125987212.61","0.00","-3544791.87","0.00","0.00","0.00","0.00","0.00","0.00","-35693663.40","-35693663.40","83333000.00","0.00","0.00","83333000.00","0.00","0.00"
"238","268401","1050101","000104420000052","1","9/30/2025","-129511747.98","0.00","-3524535.37","0.00","0.00","103166500.00","-129511747.98","LN","0.00","0.00","0.00","0.00","-129511747.98","0.00","-3524535.37","0.00","0.00","0.00","0.00","0.00","0.00","-35693663.40","-35693663.40","83333000.00","0.00","0.00","83333000.00","0.00","0.00"
"239","289000","1050101","000104420000052","1","10/31/2025","-133251621.46","0.00","-3739873.48","0.00","0.00","103166500.00","-133251621.46","LN","0.00","0.00","0.00","0.00","-133251621.46","0.00","-3739873.48","0.00","0.00","0.00","0.00","0.00","0.00","-35693663.40","-35693663.40","83333000.00","0.00","0.00","83333000.00","0.00","0.00"
"240","292794","1050101","000104420000052","1","11/30/2025","-136975365.46","0.00","-3723744.00","0.00","0.00","103166500.00","-136975365.46","LN","0.00","0.00","0.00","0.00","-136975365.46","0.00","-3723744.00","0.00","0.00","0.00","0.00","0.00","0.00","-35693663.40","-35693663.40","83333000.00","0.00","0.00","83333000.00","0.00","0.00"
"241","325187","1050101","000104420000052","1","12/31/2025","-140009341.87","913541.02","-3947517.43","0.00","0.00","103166500.00","-140009341.87","LN","0.00","0.00","0.00","0.00","-140009341.87","913541.02","-3947517.43","0.00","0.00","0.00","0.00","0.00","0.00","-35693663.40","-35693663.40","83333000.00","0.00","0.00","83333000.00","0.00","0.00"
"242","328985","1050101","000104420000052","1","1/31/2026","-49883354.02","94000000.00","-3874012.15","0.00","0.00","103166500.00","-49883354.02","LN","0.00","0.00","0.00","0.00","-49883354.02","94000000.00","-3874012.15","0.00","0.00","0.00","0.00","0.00","0.00","-35693663.40","-35693663.40","83333000.00","0.00","0.00","83333000.00","0.00","0.00"
"243","332799","1050101","000104420000052","1","2/28/2026","-51137134.58","0.00","-1253780.56","0.00","0.00","103166500.00","-51137134.58","LN","0.00","0.00","0.00","0.00","-51137134.58","0.00","-1253780.56","0.00","0.00","0.00","0.00","0.00","0.00","-35693663.40","-35693663.40","83333000.00","0.00","0.00","83333000.00","0.00","0.00"
"244","336598","1050101","000104420000052","1","3/31/2026","-52477628.05","0.00","-1340493.47","0.00","0.00","103166500.00","-52477628.05","LN","0.00","0.00","0.00","0.00","-52477628.05","0.00","-1340493.47","0.00","0.00","0.00","0.00","0.00","0.00","-35693663.40","-35693663.40","83333000.00","0.00","0.00","83333000.00","0.00","0.00"
"245","340379","1050101","000104420000052","1","4/30/2026","-53763545.57","0.00","-1285917.52","0.00","0.00","103166500.00","-53763545.57","LN","0.00","0.00","0.00","0.00","-53763545.57","0.00","-1285917.52","0.00","0.00","0.00","0.00","0.00","0.00","-35693663.40","-35693663.40","83333000.00","0.00","0.00","83333000.00","0.00","0.00"
"246","344160","1050101","000104420000052","1","5/31/2026","-55070957.12","0.00","-1307411.55","0.00","0.00","103166500.00","-55070957.12","LN","0.00","0.00","0.00","0.00","-55070957.12","0.00","-1307411.55","0.00","0.00","0.00","0.00","0.00","0.00","-35693663.40","-35693663.40","83333000.00","0.00","0.00","83333000.00","0.00","0.00"
"247","347941","1050101","000104420000052","1","6/30/2026","-56357052.54","0.00","-1286095.42","0.00","0.00","103166500.00","-56357052.54","LN","0.00","0.00","0.00","0.00","-56357052.54","0.00","-1286095.42","0.00","0.00","0.00","0.00","0.00","0.00","-35693663.40","-35693663.40","83333000.00","0.00","0.00","83333000.00","0.00","0.00"
"248","351722","1050101","000104420000052","1","7/31/2026","-57720893.16","0.00","-1363840.62","0.00","0.00","103166500.00","-57720893.16","LN","0.00","0.00","0.00","0.00","-57720893.16","0.00","-1363840.62","0.00","0.00","0.00","0.00","0.00","0.00","-35693663.40","-35693663.40","83333000.00","0.00","0.00","83333000.00","0.00","0.00"
"249","355487","1050101","000104420000052","1","8/31/2026","-59130864.44","0.00","-1409971.28","0.00","0.00","103166500.00","-59130864.44","LN","0.00","0.00","0.00","0.00","-59130864.44","0.00","-1409971.28","0.00","0.00","0.00","0.00","0.00","0.00","-35693663.40","-35693663.40","83333000.00","0.00","0.00","83333000.00","0.00","0.00"
"250","15870","1050101","000104420000062","1","7/31/2024","-144166209.26","186000000.00","-330166209.26","0.00","0.00","257860750.00","-144166209.26","LN","0.00","0.00","0.00","0.00","-144166209.26","186000000.00","-330166209.26","0.00","0.00","0.00","0.00","0.00","0.00","0.00","0.00","0.00","0.00","0.00","0.00","0.00","0.00"
"251","19192","1050101","000104420000062","1","8/31/2024","-141416239.48","7000000.00","-4250030.22","0.00","0.00","257860750.00","-141416239.48","LN","0.00","0.00","0.00","0.00","-141416239.48","7000000.00","-4250030.22","0.00","0.00","0.00","0.00","0.00","0.00","-21124217.46","-21124217.46","186000000.00","0.00","0.00","42000000.00","0.00","0.00"
"252","19707","1050101","000104420000062","1","9/30/2024","-145516123.51","0.00","-4099884.03","0.00","0.00","257860750.00","-145516123.51","LN","0.00","0.00","0.00","0.00","-145516123.51","0.00","-4099884.03","0.00","0.00","0.00","0.00","0.00","0.00","-25224101.49","-25224101.49","186000000.00","0.00","0.00","42000000.00","0.00","0.00"
"253","20368","1050101","000104420000062","1","10/31/2024","-135721912.32","14000000.00","-4205788.81","0.00","0.00","257860750.00","-135721912.32","LN","0.00","0.00","0.00","0.00","-135721912.32","14000000.00","-4205788.81","0.00","0.00","0.00","0.00","0.00","0.00","-29429890.30","-29429890.30","193000000.00","0.00","0.00","49000000.00","0.00","0.00"
"254","21022","1050101","000104420000062","1","11/30/2024","-139492378.62","0.00","-3770466.30","0.00","0.00","257860750.00","-139492378.62","LN","0.00","0.00","0.00","0.00","-139492378.62","0.00","-3770466.30","0.00","0.00","0.00","0.00","0.00","0.00","-33200356.60","-33200356.60","193000000.00","0.00","0.00","49000000.00","0.00","0.00"
"255","332776","1050101","000104420000062","1","12/31/2024","-136302299.48","0.00","0.00","0.00","0.00","257860750.00","-136302299.48","LN","","","","","-136302299.48","0.00","0.00","0.00","0.00","","","","","0.00","0.00","0.00","0.00","0.00","0.00","0.00","0.00"
"256","332777","1050101","000104420000062","1","1/31/2025","-126202144.56","14000000.00","-3899845.08","0.00","0.00","257860750.00","-126202144.56","LN","0.00","0.00","0.00","0.00","-126202144.56","14000000.00","-3899845.08","0.00","0.00","0.00","0.00","0.00","0.00","0.00","0.00","0.00","0.00","0.00","0.00","0.00","0.00"
"257","332778","1050101","000104420000062","1","2/28/2025","-122403106.39","7000000.00","-3200961.83","0.00","0.00","257860750.00","-122403106.39","LN","0.00","0.00","0.00","0.00","-122403106.39","7000000.00","-3200961.83","0.00","0.00","0.00","0.00","0.00","0.00","0.00","0.00","0.00","0.00","0.00","0.00","0.00","0.00"
"258","332779","1050101","000104420000062","1","3/31/2025","-125916913.92","0.00","-3513807.53","0.00","0.00","257860750.00","-125916913.92","LN","0.00","0.00","0.00","0.00","-125916913.92","0.00","-3513807.53","0.00","0.00","0.00","0.00","0.00","0.00","0.00","0.00","0.00","0.00","0.00","0.00","0.00","0.00"
"259","332780","1050101","000104420000062","1","4/30/2025","-122227005.71","7000000.00","-3310091.79","0.00","0.00","257860750.00","-122227005.71","LN","0.00","0.00","0.00","0.00","-122227005.71","7000000.00","-3310091.79","0.00","0.00","0.00","0.00","0.00","0.00","0.00","0.00","0.00","0.00","0.00","0.00","0.00","0.00"
"260","332781","1050101","000104420000062","1","5/31/2025","-111576485.07","14000000.00","-3349479.36","0.00","0.00","257860750.00","-111576485.07","LN","0.00","0.00","0.00","0.00","-111576485.07","14000000.00","-3349479.36","0.00","0.00","0.00","0.00","0.00","0.00","0.00","0.00","0.00","0.00","0.00","0.00","0.00","0.00"
"261","332782","1050101","000104420000062","1","6/30/2025","-107694512.87","7000000.00","-3118027.80","0.00","0.00","257860750.00","-107694512.87","LN","0.00","0.00","0.00","0.00","-107694512.87","7000000.00","-3118027.80","0.00","0.00","0.00","0.00","0.00","0.00","0.00","0.00","0.00","0.00","0.00","0.00","0.00","0.00"
"262","332783","1050101","000104420000062","1","7/31/2025","-103999992.65","7000000.00","-3305479.78","0.00","0.00","257860750.00","-103999992.65","LN","0.00","0.00","0.00","0.00","-103999992.65","7000000.00","-3305479.78","0.00","0.00","0.00","0.00","0.00","0.00","0.00","0.00","0.00","0.00","0.00","0.00","0.00","0.00"
"263","332784","1050101","000104420000062","1","8/31/2025","-107213518.37","0.00","-3213525.72","0.00","0.00","257860750.00","-107213518.37","LN","0.00","0.00","0.00","0.00","-107213518.37","0.00","-3213525.72","0.00","0.00","0.00","0.00","0.00","0.00","0.00","0.00","0.00","0.00","0.00","0.00","0.00","0.00"
"264","332785","1050101","000104420000062","1","9/30/2025","-96258650.59","14000000.00","-3045132.22","0.00","0.00","257860750.00","-96258650.59","LN","0.00","0.00","0.00","0.00","-96258650.59","14000000.00","-3045132.22","0.00","0.00","0.00","0.00","0.00","0.00","0.00","0.00","0.00","0.00","0.00","0.00","0.00","0.00"
"265","332786","1050101","000104420000062","1","10/31/2025","-92233900.38","14000000.00","-9975249.79","0.00","0.00","257860750.00","-92233900.38","LN","0.00","0.00","0.00","0.00","-92233900.38","14000000.00","-9975249.79","0.00","0.00","0.00","0.00","0.00","0.00","0.00","0.00","0.00","0.00","0.00","0.00","0.00","0.00"
"266","332787","1050101","000104420000062","1","11/30/2025","-95007012.18","0.00","-2773111.80","0.00","0.00","257860750.00","-95007012.18","LN","0.00","0.00","0.00","0.00","-95007012.18","0.00","-2773111.80","0.00","0.00","0.00","0.00","0.00","0.00","0.00","0.00","0.00","0.00","0.00","0.00","0.00","0.00"
"267","332788","1050101","000104420000062","1","12/31/2025","-81704997.79","16018700.44","-2716686.05","0.00","0.00","257860750.00","-81704997.79","LN","0.00","0.00","0.00","0.00","-81704997.79","16018700.44","-2716686.05","0.00","0.00","0.00","0.00","0.00","0.00","0.00","0.00","0.00","0.00","0.00","0.00","0.00","0.00"
"268","332789","1050101","000104420000062","1","1/31/2026","-74704997.79","7000000.00","0.00","0.00","0.00","257860750.00","-74704997.79","LN","0.00","0.00","0.00","0.00","-74704997.79","7000000.00","0.00","0.00","0.00","0.00","0.00","0.00","0.00","0.00","0.00","0.00","0.00","0.00","0.00","0.00","0.00"
"269","332800","1050101","000104420000062","1","2/28/2026","-68970348.87","7000000.00","-1265351.08","0.00","0.00","257860750.00","-68970348.87","LN","0.00","0.00","0.00","0.00","-68970348.87","7000000.00","-1265351.08","0.00","0.00","0.00","0.00","0.00","0.00","-44111084.37","-44111084.37","312000000.00","0.00","0.00","0.00","0.00","0.00"
"270","336599","1050101","000104420000062","1","3/31/2026","-63772486.73","7000000.00","-1802137.86","0.00","0.00","257860750.00","-63772486.73","LN","0.00","0.00","0.00","0.00","-63772486.73","7000000.00","-1802137.86","0.00","0.00","0.00","0.00","0.00","0.00","-44111084.37","-44111084.37","312000000.00","0.00","0.00","0.00","0.00","0.00"
"271","340380","1050101","000104420000062","1","4/30/2026","-58329651.44","7000000.00","-1557164.71","0.00","0.00","257860750.00","-58329651.44","LN","0.00","0.00","0.00","0.00","-58329651.44","7000000.00","-1557164.71","0.00","0.00","0.00","0.00","0.00","0.00","-44111084.37","-44111084.37","312000000.00","0.00","0.00","0.00","0.00","0.00"
"272","344161","1050101","000104420000062","1","5/31/2026","-52742615.84","7000000.00","-1412964.40","0.00","0.00","257860750.00","-52742615.84","LN","0.00","0.00","0.00","0.00","-52742615.84","7000000.00","-1412964.40","0.00","0.00","0.00","0.00","0.00","0.00","-44111084.37","-44111084.37","312000000.00","0.00","0.00","0.00","0.00","0.00"
"273","347942","1050101","000104420000062","1","6/30/2026","-46968889.96","7000000.00","-1226274.12","0.00","0.00","257860750.00","-46968889.96","LN","0.00","0.00","0.00","0.00","-46968889.96","7000000.00","-1226274.12","0.00","0.00","0.00","0.00","0.00","0.00","-44111084.37","-44111084.37","312000000.00","0.00","0.00","0.00","0.00","0.00"
"274","351723","1050101","000104420000062","1","7/31/2026","-48105537.14","0.00","-1136647.18","0.00","0.00","257860750.00","-48105537.14","LN","0.00","0.00","0.00","0.00","-48105537.14","0.00","-1136647.18","0.00","0.00","0.00","0.00","0.00","0.00","-44111084.37","-44111084.37","312000000.00","0.00","0.00","0.00","0.00","0.00"
"275","355488","1050101","000104420000062","1","8/31/2026","-35208827.56","14000000.00","-1103290.42","0.00","0.00","257860750.00","-35208827.56","LN","0.00","0.00","0.00","0.00","-35208827.56","14000000.00","-1103290.42","0.00","0.00","0.00","0.00","0.00","0.00","-44111084.37","-44111084.37","312000000.00","0.00","0.00","0.00","0.00","0.00"
"276","19161","1050101","000104420000063","1","7/31/2024","-151692093.19","0.00","0.00","0.00","0.00","150000000.00","-151692093.19","LN","","","","","-151692093.19","0.00","0.00","0.00","0.00","","","","","0.00","0.00","0.00","0.00","0.00","0.00","0.00","0.00"
"277","19193","1050101","000104420000063","1","8/31/2024","-155943627.75","0.00","-4251534.56","0.00","0.00","150000000.00","-155943627.75","LN","0.00","0.00","0.00","0.00","-155943627.75","0.00","-4251534.56","0.00","0.00","0.00","0.00","0.00","0.00","","","0.00","","","0.00","0.00","0.00"
"278","19708","1050101","000104420000063","1","9/30/2024","-160173331.63","0.00","-4229703.88","0.00","0.00","150000000.00","-160173331.63","LN","0.00","0.00","0.00","0.00","-160173331.63","0.00","-4229703.88","0.00","0.00","0.00","0.00","0.00","0.00","-4229703.88","-4229703.88","0.00","0.00","0.00","0.00","0.00","0.00"
"279","20369","1050101","000104420000063","1","10/31/2024","-164662573.23","0.00","-4489241.60","0.00","0.00","150000000.00","-164662573.23","LN","0.00","0.00","0.00","0.00","-164662573.23","0.00","-4489241.60","0.00","0.00","0.00","0.00","0.00","0.00","-8718945.48","-8718945.48","0.00","0.00","0.00","0.00","0.00","0.00"
"280","21023","1050101","000104420000063","1","11/30/2024","-169128763.53","0.00","-4466190.30","0.00","0.00","150000000.00","-169128763.53","LN","0.00","0.00","0.00","0.00","-169128763.53","0.00","-4466190.30","0.00","0.00","0.00","0.00","0.00","0.00","-13185135.78","-13185135.78","0.00","0.00","0.00","0.00","0.00","0.00"
"281","21644","1050101","000104420000063","1","12/31/2024","-173869002.67","0.00","-4740239.14","0.00","0.00","150000000.00","-173869002.67","LN","0.00","0.00","0.00","0.00","-173869002.67","0.00","-4740239.14","0.00","0.00","0.00","0.00","0.00","0.00","-17925374.92","-17925374.92","0.00","0.00","0.00","0.00","0.00","0.00"
"282","22454","1050101","000104420000063","1","1/31/2025","-178742098.20","0.00","-4873095.53","0.00","0.00","150000000.00","-178742098.20","LN","0.00","0.00","0.00","0.00","-178742098.20","0.00","-4873095.53","0.00","0.00","0.00","0.00","0.00","0.00","-22798470.45","-22798470.45","0.00","0.00","0.00","0.00","0.00","0.00"
"283","23441","1050101","000104420000063","1","2/28/2025","-183266966.52","0.00","-4524868.32","0.00","0.00","150000000.00","-183266966.52","LN","0.00","0.00","0.00","0.00","-183266966.52","0.00","-4524868.32","0.00","0.00","0.00","0.00","0.00","0.00","-27323338.77","-27323338.77","0.00","0.00","0.00","0.00","0.00","0.00"
"284","24482","1050101","000104420000063","1","3/31/2025","-188403462.54","0.00","-5136496.02","0.00","0.00","150000000.00","-188403462.54","LN","0.00","0.00","0.00","0.00","-188403462.54","0.00","-5136496.02","0.00","0.00","0.00","0.00","0.00","0.00","-27323338.77","-27323338.77","0.00","0.00","0.00","0.00","0.00","0.00"
"285","25585","1050101","000104420000063","1","4/30/2025","-193513583.94","0.00","-5110121.40","0.00","0.00","150000000.00","-193513583.94","LN","0.00","0.00","0.00","0.00","-193513583.94","0.00","-5110121.40","0.00","0.00","0.00","0.00","0.00","0.00","-27323338.77","-27323338.77","0.00","0.00","0.00","0.00","0.00","0.00"
"286","26753","1050101","000104420000063","1","5/31/2025","-198963774.88","0.00","-5450190.94","0.00","0.00","150000000.00","-198963774.88","LN","0.00","0.00","0.00","0.00","-198963774.88","0.00","-5450190.94","0.00","0.00","0.00","0.00","0.00","0.00","-27323338.77","-27323338.77","0.00","0.00","0.00","0.00","0.00","0.00"
"287","69172","1050101","000104420000063","1","6/30/2025","-204393032.98","0.00","-5429258.10","0.00","0.00","150000000.00","-204393032.98","LN","0.00","0.00","0.00","0.00","-204393032.98","0.00","-5429258.10","0.00","0.00","0.00","0.00","0.00","0.00","-27323338.77","-27323338.77","0.00","0.00","0.00","0.00","0.00","0.00"
"288","182512","1050101","000104420000063","1","7/31/2025","-210156356.44","0.00","-5763323.46","0.00","0.00","150000000.00","-210156356.44","LN","0.00","0.00","0.00","0.00","-210156356.44","0.00","-5763323.46","0.00","0.00","0.00","0.00","0.00","0.00","-27323338.77","-27323338.77","0.00","0.00","0.00","0.00","0.00","0.00"
"289","260811","1050101","000104420000063","1","8/31/2025","-216097735.75","0.00","-5941379.31","0.00","0.00","150000000.00","-216097735.75","LN","0.00","0.00","0.00","0.00","-216097735.75","0.00","-5941379.31","0.00","0.00","0.00","0.00","0.00","0.00","-27323338.77","-27323338.77","0.00","0.00","0.00","0.00","0.00","0.00"
"290","268403","1050101","000104420000063","1","9/30/2025","-222001052.20","0.00","-5903316.45","0.00","0.00","150000000.00","-222001052.20","LN","0.00","0.00","0.00","0.00","-222001052.20","0.00","-5903316.45","0.00","0.00","0.00","0.00","0.00","0.00","-27323338.77","-27323338.77","0.00","0.00","0.00","0.00","0.00","0.00"
"291","289002","1050101","000104420000063","1","10/31/2025","-228260873.52","0.00","-6259821.32","0.00","0.00","150000000.00","-228260873.52","LN","0.00","0.00","0.00","0.00","-228260873.52","0.00","-6259821.32","0.00","0.00","0.00","0.00","0.00","0.00","-27323338.77","-27323338.77","0.00","0.00","0.00","0.00","0.00","0.00"
"292","292796","1050101","000104420000063","1","11/30/2025","-234489581.22","0.00","-6228707.70","0.00","0.00","150000000.00","-234489581.22","LN","0.00","0.00","0.00","0.00","-234489581.22","0.00","-6228707.70","0.00","0.00","0.00","0.00","0.00","0.00","-27323338.77","-27323338.77","0.00","0.00","0.00","0.00","0.00","0.00"
"293","325189","1050101","000104420000063","1","12/31/2025","-234489581.22","0.00","0.00","0.00","0.00","150000000.00","-234489581.22","LN","0.00","0.00","0.00","0.00","-234489581.22","0.00","0.00","0.00","0.00","0.00","0.00","0.00","0.00","-27323338.77","-27323338.77","0.00","0.00","0.00","0.00","0.00","0.00"
"294","328987","1050101","000104420000063","1","1/31/2026","-234489581.22","0.00","0.00","0.00","0.00","150000000.00","-234489581.22","LN","0.00","0.00","0.00","0.00","-234489581.22","0.00","0.00","0.00","0.00","0.00","0.00","0.00","0.00","-27323338.77","-27323338.77","0.00","0.00","0.00","0.00","0.00","0.00"
"295","332801","1050101","000104420000063","1","2/28/2026","-234489581.22","0.00","0.00","0.00","0.00","150000000.00","-234489581.22","LN","0.00","0.00","0.00","0.00","-234489581.22","0.00","0.00","0.00","0.00","0.00","0.00","0.00","0.00","-27323338.77","-27323338.77","0.00","0.00","0.00","0.00","0.00","0.00"
"296","336600","1050101","000104420000063","1","3/31/2026","-234489581.22","0.00","0.00","0.00","0.00","150000000.00","-234489581.22","LN","0.00","0.00","0.00","0.00","-234489581.22","0.00","0.00","0.00","0.00","0.00","0.00","0.00","0.00","-27323338.77","-27323338.77","0.00","0.00","0.00","0.00","0.00","0.00"
"297","340381","1050101","000104420000063","1","4/30/2026","-234489581.22","0.00","0.00","0.00","0.00","150000000.00","-234489581.22","LN","0.00","0.00","0.00","0.00","-234489581.22","0.00","0.00","0.00","0.00","0.00","0.00","0.00","0.00","-27323338.77","-27323338.77","0.00","0.00","0.00","0.00","0.00","0.00"
"298","344162","1050101","000104420000063","1","5/31/2026","-234489581.22","0.00","0.00","0.00","0.00","150000000.00","-234489581.22","LN","0.00","0.00","0.00","0.00","-234489581.22","0.00","0.00","0.00","0.00","0.00","0.00","0.00","0.00","-27323338.77","-27323338.77","0.00","0.00","0.00","0.00","0.00","0.00"
"299","347943","1050101","000104420000063","1","6/30/2026","-234489581.22","0.00","0.00","0.00","0.00","150000000.00","-234489581.22","LN","0.00","0.00","0.00","0.00","-234489581.22","0.00","0.00","0.00","0.00","0.00","0.00","0.00","0.00","-27323338.77","-27323338.77","0.00","0.00","0.00","0.00","0.00","0.00"
"300","351724","1050101","000104420000063","1","7/31/2026","-234489581.22","0.00","0.00","0.00","0.00","150000000.00","-234489581.22","LN","0.00","0.00","0.00","0.00","-234489581.22","0.00","0.00","0.00","0.00","0.00","0.00","0.00","0.00","-27323338.77","-27323338.77","0.00","0.00","0.00","0.00","0.00","0.00"
"301","355489","1050101","000104420000063","1","8/31/2026","-234489581.22","0.00","0.00","0.00","0.00","150000000.00","-234489581.22","LN","0.00","0.00","0.00","0.00","-234489581.22","0.00","0.00","0.00","0.00","0.00","0.00","0.00","0.00","-27323338.77","-27323338.77","0.00","0.00","0.00","0.00","0.00","0.00"
"302","272191","1050101","000104420000064","1","9/30/2025","-251411643.85","0.00","-251411643.85","0.00","0.00","250000000.00","-251411643.85","LN","0.00","0.00","0.00","0.00","-251411643.85","0.00","-251411643.85","0.00","0.00","0.00","0.00","0.00","0.00","0.00","0.00","0.00","0.00","0.00","0.00","0.00","0.00"
"303","289003","1050101","000104420000064","1","10/31/2025","-255712504.97","0.00","-4300861.12","0.00","0.00","250000000.00","-255712504.97","LN","0.00","0.00","0.00","0.00","-255712504.97","0.00","-4300861.12","0.00","0.00","0.00","0.00","0.00","0.00","","","0.00","","","0.00","0.00","0.00"
"304","292797","1050101","000104420000064","1","11/30/2025","-262690303.67","0.00","-6977798.70","0.00","0.00","250000000.00","-262690303.67","LN","0.00","0.00","0.00","0.00","-262690303.67","0.00","-6977798.70","0.00","0.00","0.00","0.00","0.00","0.00","","","0.00","","","0.00","0.00","0.00"
"305","325190","1050101","000104420000064","1","12/31/2025","-278017977.77","0.00","-15327674.10","0.00","0.00","250000000.00","-278017977.77","LN","0.00","0.00","0.00","0.00","-278017977.77","0.00","-15327674.10","0.00","0.00","0.00","0.00","0.00","0.00","","","0.00","","","0.00","0.00","0.00"
"306","328988","1050101","000104420000064","1","1/31/2026","-285880935.57","0.00","-7862957.80","0.00","0.00","250000000.00","-285880935.57","LN","0.00","0.00","0.00","0.00","-285880935.57","0.00","-7862957.80","0.00","0.00","0.00","0.00","0.00","0.00","","","0.00","","","0.00","0.00","0.00"
"307","332802","1050101","000104420000064","1","2/28/2026","-293066337.52","0.00","-7185401.95","0.00","0.00","250000000.00","-293066337.52","LN","0.00","0.00","0.00","0.00","-293066337.52","0.00","-7185401.95","0.00","0.00","0.00","0.00","0.00","0.00","","","0.00","","","0.00","0.00","0.00"
"308","336601","1050101","000104420000064","1","3/31/2026","-300748690.23","0.00","-7682352.71","0.00","0.00","250000000.00","-300748690.23","LN","0.00","0.00","0.00","0.00","-300748690.23","0.00","-7682352.71","0.00","0.00","0.00","0.00","0.00","0.00","","","0.00","","","0.00","0.00","0.00"
"309","340382","1050101","000104420000064","1","4/30/2026","-308118269.13","0.00","-7369578.90","0.00","0.00","250000000.00","-308118269.13","LN","0.00","0.00","0.00","0.00","-308118269.13","0.00","-7369578.90","0.00","0.00","0.00","0.00","0.00","0.00","","","0.00","","","0.00","0.00","0.00"
"310","344163","1050101","000104420000064","1","5/31/2026","-315611030.19","0.00","-7492761.06","0.00","0.00","250000000.00","-315611030.19","LN","0.00","0.00","0.00","0.00","-315611030.19","0.00","-7492761.06","0.00","0.00","0.00","0.00","0.00","0.00","","","0.00","","","0.00","0.00","0.00"
"311","347944","1050101","000104420000064","1","6/30/2026","-322981628.55","0.00","-7370598.36","0.00","0.00","250000000.00","-322981628.55","LN","0.00","0.00","0.00","0.00","-322981628.55","0.00","-7370598.36","0.00","0.00","0.00","0.00","0.00","0.00","","","0.00","","","0.00","0.00","0.00"
"312","351725","1050101","000104420000064","1","7/31/2026","-330797783.82","0.00","-7816155.27","0.00","0.00","250000000.00","-330797783.82","LN","0.00","0.00","0.00","0.00","-330797783.82","0.00","-7816155.27","0.00","0.00","0.00","0.00","0.00","0.00","","","0.00","","","0.00","0.00","0.00"
"313","355490","1050101","000104420000064","1","8/31/2026","-338878312.81","0.00","-8080528.99","0.00","0.00","250000000.00","-338878312.81","LN","0.00","0.00","0.00","0.00","-338878312.81","0.00","-8080528.99","0.00","0.00","0.00","0.00","0.00","0.00","","","0.00","","","0.00","0.00","0.00"
"314","256882","1050102","000104430000002","1","7/31/2024","-371380275.90","167487000.00","-538867275.90","0.00","0.00","300000000.00","-371380275.90","LN","0.00","0.00","0.00","0.00","-371380275.90","167487000.00","-538867275.90","0.00","0.00","0.00","0.00","0.00","0.00","0.00","0.00","0.00","0.00","0.00","0.00","0.00","0.00"
"315","256883","1050102","000104430000002","1","8/31/2024","-372185719.49","10000000.00","-10805443.59","0.00","0.00","300000000.00","-372185719.49","LN","0.00","0.00","0.00","0.00","-372185719.49","10000000.00","-10805443.59","0.00","0.00","0.00","0.00","0.00","0.00","0.00","0.00","0.00","0.00","0.00","0.00","0.00","0.00"
"316","256884","1050102","000104430000002","1","9/30/2024","-382749750.03","0.00","-10564030.54","0.00","0.00","300000000.00","-382749750.03","LN","0.00","0.00","0.00","0.00","-382749750.03","0.00","-10564030.54","0.00","0.00","0.00","0.00","0.00","0.00","0.00","0.00","0.00","0.00","0.00","0.00","0.00","0.00"
"317","256885","1050102","000104430000002","1","10/31/2024","-378644731.35","15000000.00","-10894981.32","0.00","0.00","300000000.00","-378644731.35","LN","0.00","0.00","0.00","0.00","-378644731.35","15000000.00","-10894981.32","0.00","0.00","0.00","0.00","0.00","0.00","0.00","0.00","0.00","0.00","0.00","0.00","0.00","0.00"
"318","256886","1050102","000104430000002","1","11/30/2024","-378841206.28","10000000.00","-10196474.93","0.00","0.00","300000000.00","-378841206.28","LN","0.00","0.00","0.00","0.00","-378841206.28","10000000.00","-10196474.93","0.00","0.00","0.00","0.00","0.00","0.00","0.00","0.00","0.00","0.00","0.00","0.00","0.00","0.00"
"319","256887","1050102","000104430000002","1","12/31/2024","-379424794.73","10000000.00","-10583588.45","0.00","0.00","300000000.00","-379424794.73","LN","0.00","0.00","0.00","0.00","-379424794.73","10000000.00","-10583588.45","0.00","0.00","0.00","0.00","0.00","0.00","0.00","0.00","0.00","0.00","0.00","0.00","0.00","0.00"
"320","256888","1050102","000104430000002","1","1/31/2025","-365097578.94","25000000.00","-10672784.21","0.00","0.00","300000000.00","-365097578.94","LN","0.00","0.00","0.00","0.00","-365097578.94","25000000.00","-10672784.21","0.00","0.00","0.00","0.00","0.00","0.00","0.00","0.00","0.00","0.00","0.00","0.00","0.00","0.00"
"321","256889","1050102","000104430000002","1","2/28/2025","-364293238.73","10000000.00","-9195659.79","0.00","0.00","300000000.00","-364293238.73","LN","0.00","0.00","0.00","0.00","-364293238.73","10000000.00","-9195659.79","0.00","0.00","0.00","0.00","0.00","0.00","0.00","0.00","0.00","0.00","0.00","0.00","0.00","0.00"
"322","256890","1050102","000104430000002","1","3/31/2025","-349403085.80","25000000.00","-10109847.07","0.00","0.00","300000000.00","-349403085.80","LN","0.00","0.00","0.00","0.00","-349403085.80","25000000.00","-10109847.07","0.00","0.00","0.00","0.00","0.00","0.00","0.00","0.00","0.00","0.00","0.00","0.00","0.00","0.00"
"323","256891","1050102","000104430000002","1","4/30/2025","-348925517.35","10000000.00","-9522431.55","0.00","0.00","300000000.00","-348925517.35","LN","0.00","0.00","0.00","0.00","-348925517.35","10000000.00","-9522431.55","0.00","0.00","0.00","0.00","0.00","0.00","0.00","0.00","0.00","0.00","0.00","0.00","0.00","0.00"
"324","256892","1050102","000104430000002","1","5/31/2025","-348927881.79","10000000.00","-10002364.44","0.00","0.00","300000000.00","-348927881.79","LN","0.00","0.00","0.00","0.00","-348927881.79","10000000.00","-10002364.44","0.00","0.00","0.00","0.00","0.00","0.00","0.00","0.00","0.00","0.00","0.00","0.00","0.00","0.00"
"325","256893","1050102","000104430000002","1","6/30/2025","-339585234.54","19000000.00","-9657352.75","0.00","0.00","300000000.00","-339585234.54","LN","0.00","0.00","0.00","0.00","-339585234.54","19000000.00","-9657352.75","0.00","0.00","0.00","0.00","0.00","0.00","0.00","0.00","0.00","0.00","0.00","0.00","0.00","0.00"
"326","256894","1050102","000104430000002","1","7/31/2025","-349413575.65","0.00","-9828341.11","0.00","0.00","300000000.00","-349413575.65","LN","0.00","0.00","0.00","0.00","-349413575.65","0.00","-9828341.11","0.00","0.00","0.00","0.00","0.00","0.00","0.00","0.00","0.00","0.00","0.00","0.00","0.00","0.00"
"327","260812","1050102","000104430000002","1","8/31/2025","-344527945.13","15000000.00","-10114369.48","0.00","0.00","300000000.00","-344527945.13","LN","0.00","0.00","0.00","0.00","-344527945.13","15000000.00","-10114369.48","0.00","0.00","0.00","0.00","0.00","0.00","-107994352.79","-107994352.79","311487000.00","0.00","0.00","0.00","0.00","0.00"
"328","268405","1050102","000104430000002","1","9/30/2025","-332190516.10","21850000.00","-9512570.97","0.00","0.00","300000000.00","-332190516.10","LN","0.00","0.00","0.00","0.00","-332190516.10","21850000.00","-9512570.97","0.00","0.00","0.00","0.00","0.00","0.00","-107994352.79","-107994352.79","311487000.00","0.00","0.00","0.00","0.00","0.00"
"329","289004","1050102","000104430000002","1","10/31/2025","-332436475.98","9310000.00","-9555959.88","0.00","0.00","300000000.00","-332436475.98","LN","0.00","0.00","0.00","0.00","-332436475.98","9310000.00","-9555959.88","0.00","0.00","0.00","0.00","0.00","0.00","-107994352.79","-107994352.79","311487000.00","0.00","0.00","0.00","0.00","0.00"
"330","292798","1050102","000104430000002","1","11/30/2025","-341751072.78","0.00","-9314596.80","0.00","0.00","300000000.00","-341751072.78","LN","0.00","0.00","0.00","0.00","-341751072.78","0.00","-9314596.80","0.00","0.00","0.00","0.00","0.00","0.00","-107994352.79","-107994352.79","311487000.00","0.00","0.00","0.00","0.00","0.00"
"331","325191","1050102","000104430000002","1","12/31/2025","-341104423.40","10457152.33","-9810502.95","0.00","0.00","300000000.00","-341104423.40","LN","0.00","0.00","0.00","0.00","-341104423.40","10457152.33","-9810502.95","0.00","0.00","0.00","0.00","0.00","0.00","-107994352.79","-107994352.79","311487000.00","0.00","0.00","0.00","0.00","0.00"
"332","328989","1050102","000104430000002","1","1/31/2026","-339940999.71","10000000.00","-8836576.31","0.00","0.00","300000000.00","-339940999.71","LN","0.00","0.00","0.00","0.00","-339940999.71","10000000.00","-8836576.31","0.00","0.00","0.00","0.00","0.00","0.00","-107994352.79","-107994352.79","311487000.00","0.00","0.00","0.00","0.00","0.00"
"333","332803","1050102","000104430000002","1","2/28/2026","-348048545.87","0.00","-8107546.16","0.00","0.00","300000000.00","-348048545.87","LN","0.00","0.00","0.00","0.00","-348048545.87","0.00","-8107546.16","0.00","0.00","0.00","0.00","0.00","0.00","-107994352.79","-107994352.79","311487000.00","0.00","0.00","0.00","0.00","0.00"
"334","336602","1050102","000104430000002","1","3/31/2026","-352153661.15","5000000.00","-9105115.28","0.00","0.00","300000000.00","-352153661.15","LN","0.00","0.00","0.00","0.00","-352153661.15","5000000.00","-9105115.28","0.00","0.00","0.00","0.00","0.00","0.00","-107994352.79","-107994352.79","311487000.00","0.00","0.00","0.00","0.00","0.00"
"335","340383","1050102","000104430000002","1","4/30/2026","-351118321.85","10000000.00","-8964660.70","0.00","0.00","300000000.00","-351118321.85","LN","0.00","0.00","0.00","0.00","-351118321.85","10000000.00","-8964660.70","0.00","0.00","0.00","0.00","0.00","0.00","-107994352.79","-107994352.79","311487000.00","0.00","0.00","0.00","0.00","0.00"
"336","344164","1050102","000104430000002","1","5/31/2026","-341175262.76","19020000.00","-9076940.91","0.00","0.00","300000000.00","-341175262.76","LN","0.00","0.00","0.00","0.00","-341175262.76","19020000.00","-9076940.91","0.00","0.00","0.00","0.00","0.00","0.00","-107994352.79","-107994352.79","311487000.00","0.00","0.00","0.00","0.00","0.00"
"337","347945","1050102","000104430000002","1","6/30/2026","-349893459.26","0.00","-8718196.50","0.00","0.00","300000000.00","-349893459.26","LN","0.00","0.00","0.00","0.00","-349893459.26","0.00","-8718196.50","0.00","0.00","0.00","0.00","0.00","0.00","-107994352.79","-107994352.79","311487000.00","0.00","0.00","0.00","0.00","0.00"
"338","351726","1050102","000104430000002","1","7/31/2026","-359132468.00","0.00","-9239008.74","0.00","0.00","300000000.00","-359132468.00","LN","0.00","0.00","0.00","0.00","-359132468.00","0.00","-9239008.74","0.00","0.00","0.00","0.00","0.00","0.00","-107994352.79","-107994352.79","311487000.00","0.00","0.00","0.00","0.00","0.00"
"339","355491","1050102","000104430000002","1","8/31/2026","-368615434.65","0.00","-9482966.65","0.00","0.00","300000000.00","-368615434.65","LN","0.00","0.00","0.00","0.00","-368615434.65","0.00","-9482966.65","0.00","0.00","0.00","0.00","0.00","0.00","-107994352.79","-107994352.79","311487000.00","0.00","0.00","0.00","0.00","0.00"
"340","256895","1050102","000104430000004","1","7/31/2024","-8318966.49","334121496.00","-342440462.49","0.00","0.00","309523514.00","-8318966.49","LN","0.00","0.00","0.00","0.00","-8318966.49","334121496.00","-342440462.49","0.00","0.00","0.00","0.00","0.00","0.00","0.00","0.00","0.00","0.00","0.00","0.00","0.00","0.00"
"341","256896","1050102","000104430000004","1","8/31/2024","-8318966.49","0.00","0.00","0.00","0.00","309523514.00","-8318966.49","LN","0.00","0.00","0.00","0.00","-8318966.49","0.00","0.00","0.00","0.00","0.00","0.00","0.00","0.00","0.00","0.00","0.00","0.00","0.00","0.00","0.00","0.00"
"342","256897","1050102","000104430000004","1","9/30/2024","-8318966.49","0.00","0.00","0.00","0.00","309523514.00","-8318966.49","LN","0.00","0.00","0.00","0.00","-8318966.49","0.00","0.00","0.00","0.00","0.00","0.00","0.00","0.00","0.00","0.00","0.00","0.00","0.00","0.00","0.00","0.00"
"343","256898","1050102","000104430000004","1","10/31/2024","-8318966.49","0.00","0.00","0.00","0.00","309523514.00","-8318966.49","LN","0.00","0.00","0.00","0.00","-8318966.49","0.00","0.00","0.00","0.00","0.00","0.00","0.00","0.00","0.00","0.00","0.00","0.00","0.00","0.00","0.00","0.00"
"344","256899","1050102","000104430000004","1","11/30/2024","-8318966.49","0.00","0.00","0.00","0.00","309523514.00","-8318966.49","LN","0.00","0.00","0.00","0.00","-8318966.49","0.00","0.00","0.00","0.00","0.00","0.00","0.00","0.00","0.00","0.00","0.00","0.00","0.00","0.00","0.00","0.00"
"345","256900","1050102","000104430000004","1","12/31/2024","-8318966.49","0.00","0.00","0.00","0.00","309523514.00","-8318966.49","LN","0.00","0.00","0.00","0.00","-8318966.49","0.00","0.00","0.00","0.00","0.00","0.00","0.00","0.00","0.00","0.00","0.00","0.00","0.00","0.00","0.00","0.00"
"346","256901","1050102","000104430000004","1","1/31/2025","-8318966.49","0.00","0.00","0.00","0.00","309523514.00","-8318966.49","LN","0.00","0.00","0.00","0.00","-8318966.49","0.00","0.00","0.00","0.00","0.00","0.00","0.00","0.00","0.00","0.00","0.00","0.00","0.00","0.00","0.00","0.00"
"347","256902","1050102","000104430000004","1","2/28/2025","-8318966.49","0.00","0.00","0.00","0.00","309523514.00","-8318966.49","LN","0.00","0.00","0.00","0.00","-8318966.49","0.00","0.00","0.00","0.00","0.00","0.00","0.00","0.00","0.00","0.00","0.00","0.00","0.00","0.00","0.00","0.00"
"348","256903","1050102","000104430000004","1","3/31/2025","-8318966.49","0.00","0.00","0.00","0.00","309523514.00","-8318966.49","LN","0.00","0.00","0.00","0.00","-8318966.49","0.00","0.00","0.00","0.00","0.00","0.00","0.00","0.00","0.00","0.00","0.00","0.00","0.00","0.00","0.00","0.00"
"349","256904","1050102","000104430000004","1","4/30/2025","-8318966.49","0.00","0.00","0.00","0.00","309523514.00","-8318966.49","LN","0.00","0.00","0.00","0.00","-8318966.49","0.00","0.00","0.00","0.00","0.00","0.00","0.00","0.00","0.00","0.00","0.00","0.00","0.00","0.00","0.00","0.00"
"350","256905","1050102","000104430000004","1","5/31/2025","-8318966.49","0.00","0.00","0.00","0.00","309523514.00","-8318966.49","LN","0.00","0.00","0.00","0.00","-8318966.49","0.00","0.00","0.00","0.00","0.00","0.00","0.00","0.00","0.00","0.00","0.00","0.00","0.00","0.00","0.00","0.00"
"351","256906","1050102","000104430000004","1","6/30/2025","-8318966.49","0.00","0.00","0.00","0.00","309523514.00","-8318966.49","LN","0.00","0.00","0.00","0.00","-8318966.49","0.00","0.00","0.00","0.00","0.00","0.00","0.00","0.00","0.00","0.00","0.00","0.00","0.00","0.00","0.00","0.00"
"352","256907","1050102","000104430000004","1","7/31/2025","-8318966.49","0.00","0.00","0.00","0.00","309523514.00","-8318966.49","LN","0.00","0.00","0.00","0.00","-8318966.49","0.00","0.00","0.00","0.00","0.00","0.00","0.00","0.00","0.00","0.00","0.00","0.00","0.00","0.00","0.00","0.00"
"353","260813","1050102","000104430000004","1","8/31/2025","-8318966.49","0.00","0.00","0.00","0.00","309523514.00","-8318966.49","LN","0.00","0.00","0.00","0.00","-8318966.49","0.00","0.00","0.00","0.00","0.00","0.00","0.00","0.00","0.00","0.00","652268748.39","0.00","0.00","0.00","0.00","0.00"
"354","268406","1050102","000104430000004","1","9/30/2025","-8318966.49","0.00","0.00","0.00","0.00","309523514.00","-8318966.49","LN","0.00","0.00","0.00","0.00","-8318966.49","0.00","0.00","0.00","0.00","0.00","0.00","0.00","0.00","0.00","0.00","652268748.39","0.00","0.00","0.00","0.00","0.00"
"355","289005","1050102","000104430000004","1","10/31/2025","-8318966.49","0.00","0.00","0.00","0.00","309523514.00","-8318966.49","LN","0.00","0.00","0.00","0.00","-8318966.49","0.00","0.00","0.00","0.00","0.00","0.00","0.00","0.00","0.00","0.00","652268748.39","0.00","0.00","0.00","0.00","0.00"
"356","292799","1050102","000104430000004","1","11/30/2025","-8318966.49","0.00","0.00","0.00","0.00","309523514.00","-8318966.49","LN","0.00","0.00","0.00","0.00","-8318966.49","0.00","0.00","0.00","0.00","0.00","0.00","0.00","0.00","0.00","0.00","652268748.39","0.00","0.00","0.00","0.00","0.00"
"357","325192","1050102","000104430000004","1","12/31/2025","-8318966.49","0.00","0.00","0.00","0.00","309523514.00","-8318966.49","LN","0.00","0.00","0.00","0.00","-8318966.49","0.00","0.00","0.00","0.00","0.00","0.00","0.00","0.00","0.00","0.00","652268748.39","0.00","0.00","0.00","0.00","0.00"
"358","328990","1050102","000104430000004","1","1/31/2026","-8318966.49","0.00","0.00","0.00","0.00","309523514.00","-8318966.49","LN","0.00","0.00","0.00","0.00","-8318966.49","0.00","0.00","0.00","0.00","0.00","0.00","0.00","0.00","0.00","0.00","652268748.39","0.00","0.00","0.00","0.00","0.00"
"359","332804","1050102","000104430000004","1","2/28/2026","-8318966.49","0.00","0.00","0.00","0.00","309523514.00","-8318966.49","LN","0.00","0.00","0.00","0.00","-8318966.49","0.00","0.00","0.00","0.00","0.00","0.00","0.00","0.00","0.00","0.00","652268748.39","0.00","0.00","0.00","0.00","0.00"
"360","336603","1050102","000104430000004","1","3/31/2026","-8318966.49","0.00","0.00","0.00","0.00","309523514.00","-8318966.49","LN","0.00","0.00","0.00","0.00","-8318966.49","0.00","0.00","0.00","0.00","0.00","0.00","0.00","0.00","0.00","0.00","652268748.39","0.00","0.00","0.00","0.00","0.00"
"361","340384","1050102","000104430000004","1","4/30/2026","-8318966.49","0.00","0.00","0.00","0.00","309523514.00","-8318966.49","LN","0.00","0.00","0.00","0.00","-8318966.49","0.00","0.00","0.00","0.00","0.00","0.00","0.00","0.00","0.00","0.00","652268748.39","0.00","0.00","0.00","0.00","0.00"
"362","344165","1050102","000104430000004","1","5/31/2026","-8318966.49","0.00","0.00","0.00","0.00","309523514.00","-8318966.49","LN","0.00","0.00","0.00","0.00","-8318966.49","0.00","0.00","0.00","0.00","0.00","0.00","0.00","0.00","0.00","0.00","652268748.39","0.00","0.00","0.00","0.00","0.00"
"363","347946","1050102","000104430000004","1","6/30/2026","0.00","8318966.49","0.00","0.00","0.00","309523514.00","0.00","LN","0.00","0.00","0.00","0.00","0.00","8318966.49","0.00","0.00","0.00","0.00","0.00","0.00","0.00","0.00","0.00","652268748.39","0.00","0.00","0.00","0.00","0.00"
"364","256908","1050102","000104430000054","1","7/31/2024","-297264936.48","0.00","-297264936.48","0.00","0.00","20000000.00","-297264936.48","LN","0.00","0.00","0.00","0.00","-297264936.48","0.00","-297264936.48","0.00","0.00","0.00","0.00","0.00","0.00","0.00","0.00","0.00","0.00","0.00","0.00","0.00","0.00"
"365","256909","1050102","000104430000054","1","8/31/2024","-283821682.44","20000000.00","-6556745.96","0.00","0.00","20000000.00","-283821682.44","LN","0.00","0.00","0.00","0.00","-283821682.44","20000000.00","-6556745.96","0.00","0.00","0.00","0.00","0.00","0.00","0.00","0.00","0.00","0.00","0.00","0.00","0.00","0.00"
"366","256910","1050102","000104430000054","1","9/30/2024","-259871750.96","30000000.00","-6050068.52","0.00","0.00","20000000.00","-259871750.96","LN","0.00","0.00","0.00","0.00","-259871750.96","30000000.00","-6050068.52","0.00","0.00","0.00","0.00","0.00","0.00","0.00","0.00","0.00","0.00","0.00","0.00","0.00","0.00"
"367","256911","1050102","000104430000054","1","10/31/2024","-235751878.35","30000000.00","-5880127.39","0.00","0.00","20000000.00","-235751878.35","LN","0.00","0.00","0.00","0.00","-235751878.35","30000000.00","-5880127.39","0.00","0.00","0.00","0.00","0.00","0.00","0.00","0.00","0.00","0.00","0.00","0.00","0.00","0.00"
"368","256912","1050102","000104430000054","1","11/30/2024","-216299580.46","25000000.00","-5547702.11","0.00","0.00","20000000.00","-216299580.46","LN","0.00","0.00","0.00","0.00","-216299580.46","25000000.00","-5547702.11","0.00","0.00","0.00","0.00","0.00","0.00","0.00","0.00","0.00","0.00","0.00","0.00","0.00","0.00"
"369","256913","1050102","000104430000054","1","12/31/2024","-212426226.61","10000000.00","-6126646.15","0.00","0.00","20000000.00","-212426226.61","LN","0.00","0.00","0.00","0.00","-212426226.61","10000000.00","-6126646.15","0.00","0.00","0.00","0.00","0.00","0.00","0.00","0.00","0.00","0.00","0.00","0.00","0.00","0.00"
"370","256914","1050102","000104430000054","1","1/31/2025","-198433846.29","20000000.00","-6007619.68","0.00","0.00","20000000.00","-198433846.29","LN","0.00","0.00","0.00","0.00","-198433846.29","20000000.00","-6007619.68","0.00","0.00","0.00","0.00","0.00","0.00","0.00","0.00","0.00","0.00","0.00","0.00","0.00","0.00"
"371","256915","1050102","000104430000054","1","2/28/2025","-203518101.97","0.00","-5084255.68","0.00","0.00","20000000.00","-203518101.97","LN","0.00","0.00","0.00","0.00","-203518101.97","0.00","-5084255.68","0.00","0.00","0.00","0.00","0.00","0.00","0.00","0.00","0.00","0.00","0.00","0.00","0.00","0.00"
"372","256916","1050102","000104430000054","1","3/31/2025","-189163215.38","20000000.00","-5645113.41","0.00","0.00","20000000.00","-189163215.38","LN","0.00","0.00","0.00","0.00","-189163215.38","20000000.00","-5645113.41","0.00","0.00","0.00","0.00","0.00","0.00","0.00","0.00","0.00","0.00","0.00","0.00","0.00","0.00"
"373","256917","1050102","000104430000054","1","4/30/2025","-148784216.57","45000000.00","-4621001.19","0.00","0.00","20000000.00","-148784216.57","LN","0.00","0.00","0.00","0.00","-148784216.57","45000000.00","-4621001.19","0.00","0.00","0.00","0.00","0.00","0.00","0.00","0.00","0.00","0.00","0.00","0.00","0.00","0.00"
"374","256918","1050102","000104430000054","1","5/31/2025","-142266498.58","10000000.00","-3482282.01","0.00","0.00","20000000.00","-142266498.58","LN","0.00","0.00","0.00","0.00","-142266498.58","10000000.00","-3482282.01","0.00","0.00","0.00","0.00","0.00","0.00","0.00","0.00","0.00","0.00","0.00","0.00","0.00","0.00"
"375","256919","1050102","000104430000054","1","6/30/2025","-125237783.71","20000000.00","-2971285.13","0.00","0.00","20000000.00","-125237783.71","LN","0.00","0.00","0.00","0.00","-125237783.71","20000000.00","-2971285.13","0.00","0.00","0.00","0.00","0.00","0.00","0.00","0.00","0.00","0.00","0.00","0.00","0.00","0.00"
"376","256920","1050102","000104430000054","1","7/31/2025","-107977279.66","20000000.00","-2739495.95","0.00","0.00","20000000.00","-107977279.66","LN","0.00","0.00","0.00","0.00","-107977279.66","20000000.00","-2739495.95","0.00","0.00","0.00","0.00","0.00","0.00","0.00","0.00","0.00","0.00","0.00","0.00","0.00","0.00"
"377","260814","1050102","000104430000054","1","8/31/2025","-91002568.01","20000000.00","-3025288.35","0.00","0.00","20000000.00","-91002568.01","LN","0.00","0.00","0.00","0.00","-91002568.01","20000000.00","-3025288.35","0.00","0.00","0.00","0.00","0.00","0.00","-59328776.81","-59328776.81","250000000.00","0.00","0.00","0.00","0.00","0.00"
"378","268407","1050102","000104430000054","1","9/30/2025","-73462942.14","20000000.00","-2460374.13","0.00","0.00","20000000.00","-73462942.14","LN","0.00","0.00","0.00","0.00","-73462942.14","20000000.00","-2460374.13","0.00","0.00","0.00","0.00","0.00","0.00","-59328776.81","-59328776.81","250000000.00","0.00","0.00","0.00","0.00","0.00"
"379","289006","1050102","000104430000054","1","10/31/2025","-65505700.93","10000000.00","-2042758.79","0.00","0.00","20000000.00","-65505700.93","LN","0.00","0.00","0.00","0.00","-65505700.93","10000000.00","-2042758.79","0.00","0.00","0.00","0.00","0.00","0.00","-59328776.81","-59328776.81","250000000.00","0.00","0.00","0.00","0.00","0.00"
"380","292800","1050102","000104430000054","1","11/30/2025","-57260609.46","10000000.00","-1754908.53","0.00","0.00","20000000.00","-57260609.46","LN","0.00","0.00","0.00","0.00","-57260609.46","10000000.00","-1754908.53","0.00","0.00","0.00","0.00","0.00","0.00","-59328776.81","-59328776.81","250000000.00","0.00","0.00","0.00","0.00","0.00"
"381","325193","1050102","000104430000054","1","12/31/2025","-51668093.86","10000000.00","-4407484.40","0.00","0.00","20000000.00","-51668093.86","LN","0.00","0.00","0.00","0.00","-51668093.86","10000000.00","-4407484.40","0.00","0.00","0.00","0.00","0.00","0.00","-59328776.81","-59328776.81","250000000.00","0.00","0.00","0.00","0.00","0.00"
"382","328991","1050102","000104430000054","1","1/31/2026","-43120257.56","10000000.00","-1452163.70","0.00","0.00","20000000.00","-43120257.56","LN","0.00","0.00","0.00","0.00","-43120257.56","10000000.00","-1452163.70","0.00","0.00","0.00","0.00","0.00","0.00","-59328776.81","-59328776.81","250000000.00","0.00","0.00","0.00","0.00","0.00"
"383","332805","1050102","000104430000054","1","2/28/2026","-34195093.95","10000000.00","-1074836.39","0.00","0.00","20000000.00","-34195093.95","LN","0.00","0.00","0.00","0.00","-34195093.95","10000000.00","-1074836.39","0.00","0.00","0.00","0.00","0.00","0.00","-59328776.81","-59328776.81","250000000.00","0.00","0.00","0.00","0.00","0.00"
"384","336604","1050102","000104430000054","1","3/31/2026","-25074816.35","10000000.00","-879722.40","0.00","0.00","20000000.00","-25074816.35","LN","0.00","0.00","0.00","0.00","-25074816.35","10000000.00","-879722.40","0.00","0.00","0.00","0.00","0.00","0.00","-59328776.81","-59328776.81","250000000.00","0.00","0.00","0.00","0.00","0.00"
"385","340385","1050102","000104430000054","1","4/30/2026","0.00","25074816.35","0.00","0.00","0.00","20000000.00","0.00","LN","0.00","0.00","0.00","0.00","0.00","25074816.35","0.00","0.00","0.00","0.00","0.00","0.00","0.00","-59328776.81","-59328776.81","250000000.00","0.00","0.00","0.00","0.00","0.00"
"386","256921","1050102","000104430000061","1","7/31/2024","-61932148.41","9000000.00","-70932148.41","0.00","0.00","0.00","-61932148.41","LN","0.00","0.00","0.00","0.00","-61932148.41","9000000.00","-70932148.41","0.00","0.00","0.00","0.00","0.00","0.00","0.00","0.00","0.00","0.00","0.00","0.00","0.00","0.00"
"387","256922","1050102","000104430000061","1","8/31/2024","-63541235.96","0.00","-1609087.55","0.00","0.00","53391150.00","-63541235.96","LN","0.00","0.00","0.00","0.00","-63541235.96","0.00","-1609087.55","0.00","0.00","0.00","0.00","0.00","0.00","0.00","0.00","0.00","0.00","0.00","0.00","0.00","0.00"
"388","256923","1050102","000104430000061","1","9/30/2024","-65167614.86","0.00","-1626378.90","0.00","0.00","53391150.00","-65167614.86","LN","0.00","0.00","0.00","0.00","-65167614.86","0.00","-1626378.90","0.00","0.00","0.00","0.00","0.00","0.00","0.00","0.00","0.00","0.00","0.00","0.00","0.00","0.00"
"389","256924","1050102","000104430000061","1","10/31/2024","-66920142.20","0.00","-1752527.34","0.00","0.00","53391150.00","-66920142.20","LN","0.00","0.00","0.00","0.00","-66920142.20","0.00","-1752527.34","0.00","0.00","0.00","0.00","0.00","0.00","0.00","0.00","0.00","0.00","0.00","0.00","0.00","0.00"
"390","256925","1050102","000104430000061","1","11/30/2024","-68537226.20","0.00","-1617084.00","0.00","0.00","53391150.00","-68537226.20","LN","0.00","0.00","0.00","0.00","-68537226.20","0.00","-1617084.00","0.00","0.00","0.00","0.00","0.00","0.00","0.00","0.00","0.00","0.00","0.00","0.00","0.00","0.00"
"391","256926","1050102","000104430000061","1","12/31/2024","-70248591.43","0.00","-1711365.23","0.00","0.00","53391150.00","-70248591.43","LN","0.00","0.00","0.00","0.00","-70248591.43","0.00","-1711365.23","0.00","0.00","0.00","0.00","0.00","0.00","0.00","0.00","0.00","0.00","0.00","0.00","0.00","0.00"
"392","256927","1050102","000104430000061","1","1/31/2025","-72002689.23","0.00","-1754097.80","0.00","0.00","53391150.00","-72002689.23","LN","0.00","0.00","0.00","0.00","-72002689.23","0.00","-1754097.80","0.00","0.00","0.00","0.00","0.00","0.00","0.00","0.00","0.00","0.00","0.00","0.00","0.00","0.00"
"393","256928","1050102","000104430000061","1","2/28/2025","-73626596.55","0.00","-1623907.32","0.00","0.00","53391150.00","-73626596.55","LN","0.00","0.00","0.00","0.00","-73626596.55","0.00","-1623907.32","0.00","0.00","0.00","0.00","0.00","0.00","0.00","0.00","0.00","0.00","0.00","0.00","0.00","0.00"
"394","256929","1050102","000104430000061","1","3/31/2025","-75465042.56","0.00","-1838446.01","0.00","0.00","53391150.00","-75465042.56","LN","0.00","0.00","0.00","0.00","-75465042.56","0.00","-1838446.01","0.00","0.00","0.00","0.00","0.00","0.00","0.00","0.00","0.00","0.00","0.00","0.00","0.00","0.00"
"395","256930","1050102","000104430000061","1","4/30/2025","-77288608.76","0.00","-1823566.20","0.00","0.00","53391150.00","-77288608.76","LN","0.00","0.00","0.00","0.00","-77288608.76","0.00","-1823566.20","0.00","0.00","0.00","0.00","0.00","0.00","0.00","0.00","0.00","0.00","0.00","0.00","0.00","0.00"
"396","256931","1050102","000104430000061","1","5/31/2025","-79218494.85","0.00","-1929886.09","0.00","0.00","53391150.00","-79218494.85","LN","0.00","0.00","0.00","0.00","-79218494.85","0.00","-1929886.09","0.00","0.00","0.00","0.00","0.00","0.00","0.00","0.00","0.00","0.00","0.00","0.00","0.00","0.00"
"397","256932","1050102","000104430000061","1","6/30/2025","-81132760.95","0.00","-1914266.10","0.00","0.00","53391150.00","-81132760.95","LN","0.00","0.00","0.00","0.00","-81132760.95","0.00","-1914266.10","0.00","0.00","0.00","0.00","0.00","0.00","0.00","0.00","0.00","0.00","0.00","0.00","0.00","0.00"
"398","256933","1050102","000104430000061","1","7/31/2025","-83158634.82","0.00","-2025873.87","0.00","0.00","53391150.00","-83158634.82","LN","0.00","0.00","0.00","0.00","-83158634.82","0.00","-2025873.87","0.00","0.00","0.00","0.00","0.00","0.00","0.00","0.00","0.00","0.00","0.00","0.00","0.00","0.00"
"399","260815","1050102","000104430000061","1","8/31/2025","-85235094.49","0.00","-2076459.67","0.00","0.00","53391150.00","-85235094.49","LN","0.00","0.00","0.00","0.00","-85235094.49","0.00","-2076459.67","0.00","0.00","0.00","0.00","0.00","0.00","-11609550.61","-11609550.61","9000000.00","0.00","0.00","0.00","0.00","0.00"
"400","268408","1050102","000104430000061","1","9/30/2025","-87294748.09","0.00","-2059653.60","0.00","0.00","53391150.00","-87294748.09","LN","0.00","0.00","0.00","0.00","-87294748.09","0.00","-2059653.60","0.00","0.00","0.00","0.00","0.00","0.00","-11609550.61","-11609550.61","9000000.00","0.00","0.00","0.00","0.00","0.00"
"401","289007","1050102","000104430000061","1","10/31/2025","-89464532.06","0.00","-2169783.97","0.00","0.00","53391150.00","-89464532.06","LN","0.00","0.00","0.00","0.00","-89464532.06","0.00","-2169783.97","0.00","0.00","0.00","0.00","0.00","0.00","-11609550.61","-11609550.61","9000000.00","0.00","0.00","0.00","0.00","0.00"
"402","292801","1050102","000104430000061","1","11/30/2025","-91626387.26","0.00","-2161855.20","0.00","0.00","53391150.00","-91626387.26","LN","0.00","0.00","0.00","0.00","-91626387.26","0.00","-2161855.20","0.00","0.00","0.00","0.00","0.00","0.00","-11609550.61","-11609550.61","9000000.00","0.00","0.00","0.00","0.00","0.00"
"403","325194","1050102","000104430000061","1","12/31/2025","-91626387.26","0.00","0.00","0.00","0.00","53391150.00","-91626387.26","LN","0.00","0.00","0.00","0.00","-91626387.26","0.00","0.00","0.00","0.00","0.00","0.00","0.00","0.00","-11609550.61","-11609550.61","9000000.00","0.00","0.00","0.00","0.00","0.00"
"404","328992","1050102","000104430000061","1","1/31/2026","-91626387.26","0.00","0.00","0.00","0.00","53391150.00","-91626387.26","LN","0.00","0.00","0.00","0.00","-91626387.26","0.00","0.00","0.00","0.00","0.00","0.00","0.00","0.00","-11609550.61","-11609550.61","9000000.00","0.00","0.00","0.00","0.00","0.00"
"405","332806","1050102","000104430000061","1","2/28/2026","-91626387.26","0.00","0.00","0.00","0.00","53391150.00","-91626387.26","LN","0.00","0.00","0.00","0.00","-91626387.26","0.00","0.00","0.00","0.00","0.00","0.00","0.00","0.00","-11609550.61","-11609550.61","9000000.00","0.00","0.00","0.00","0.00","0.00"
"406","336605","1050102","000104430000061","1","3/31/2026","-91626387.26","0.00","0.00","0.00","0.00","53391150.00","-91626387.26","LN","0.00","0.00","0.00","0.00","-91626387.26","0.00","0.00","0.00","0.00","0.00","0.00","0.00","0.00","-11609550.61","-11609550.61","9000000.00","0.00","0.00","0.00","0.00","0.00"
"407","340386","1050102","000104430000061","1","4/30/2026","-91626387.26","0.00","0.00","0.00","0.00","53391150.00","-91626387.26","LN","0.00","0.00","0.00","0.00","-91626387.26","0.00","0.00","0.00","0.00","0.00","0.00","0.00","0.00","-11609550.61","-11609550.61","9000000.00","0.00","0.00","0.00","0.00","0.00"
"408","344166","1050102","000104430000061","1","5/31/2026","-91626387.26","0.00","0.00","0.00","0.00","53391150.00","-91626387.26","LN","0.00","0.00","0.00","0.00","-91626387.26","0.00","0.00","0.00","0.00","0.00","0.00","0.00","0.00","-11609550.61","-11609550.61","9000000.00","0.00","0.00","0.00","0.00","0.00"
"409","347947","1050102","000104430000061","1","6/30/2026","-91626387.26","0.00","0.00","0.00","0.00","53391150.00","-91626387.26","LN","0.00","0.00","0.00","0.00","-91626387.26","0.00","0.00","0.00","0.00","0.00","0.00","0.00","0.00","-11609550.61","-11609550.61","9000000.00","0.00","0.00","0.00","0.00","0.00"
"410","351727","1050102","000104430000061","1","7/31/2026","-91626387.26","0.00","0.00","0.00","0.00","53391150.00","-91626387.26","LN","0.00","0.00","0.00","0.00","-91626387.26","0.00","0.00","0.00","0.00","0.00","0.00","0.00","0.00","-11609550.61","-11609550.61","9000000.00","0.00","0.00","0.00","0.00","0.00"
"411","355492","1050102","000104430000061","1","8/31/2026","-91626387.26","0.00","0.00","0.00","0.00","53391150.00","-91626387.26","LN","0.00","0.00","0.00","0.00","-91626387.26","0.00","0.00","0.00","0.00","0.00","0.00","0.00","0.00","-11609550.61","-11609550.61","9000000.00","0.00","0.00","0.00","0.00","0.00"
"412","256934","1050102","000104430000062","1","7/31/2024","-669198559.16","0.00","-669198559.16","0.00","0.00","627746500.00","-669198559.16","LN","0.00","0.00","0.00","0.00","-669198559.16","0.00","-669198559.16","0.00","0.00","0.00","0.00","0.00","0.00","0.00","0.00","0.00","0.00","0.00","0.00","0.00","0.00"
"413","256935","1050102","000104430000062","1","8/31/2024","-687954453.02","0.00","-18755893.86","0.00","0.00","627746500.00","-687954453.02","LN","0.00","0.00","0.00","0.00","-687954453.02","0.00","-18755893.86","0.00","0.00","0.00","0.00","0.00","0.00","0.00","0.00","0.00","0.00","0.00","0.00","0.00","0.00"
"414","256936","1050102","000104430000062","1","9/30/2024","-706614039.55","0.00","-18659586.53","0.00","0.00","627746500.00","-706614039.55","LN","0.00","0.00","0.00","0.00","-706614039.55","0.00","-18659586.53","0.00","0.00","0.00","0.00","0.00","0.00","0.00","0.00","0.00","0.00","0.00","0.00","0.00","0.00"
"415","256937","1050102","000104430000062","1","10/31/2024","-726418591.95","0.00","-19804552.40","0.00","0.00","627746500.00","-726418591.95","LN","0.00","0.00","0.00","0.00","-726418591.95","0.00","-19804552.40","0.00","0.00","0.00","0.00","0.00","0.00","0.00","0.00","0.00","0.00","0.00","0.00","0.00","0.00"
"416","256938","1050102","000104430000062","1","11/30/2024","-746121452.25","0.00","-19702860.30","0.00","0.00","627746500.00","-746121452.25","LN","0.00","0.00","0.00","0.00","-746121452.25","0.00","-19702860.30","0.00","0.00","0.00","0.00","0.00","0.00","0.00","0.00","0.00","0.00","0.00","0.00","0.00","0.00"
"417","256939","1050102","000104430000062","1","12/31/2024","-767033294.61","0.00","-20911842.36","0.00","0.00","627746500.00","-767033294.61","LN","0.00","0.00","0.00","0.00","-767033294.61","0.00","-20911842.36","0.00","0.00","0.00","0.00","0.00","0.00","0.00","0.00","0.00","0.00","0.00","0.00","0.00","0.00"
"418","256940","1050102","000104430000062","1","1/31/2025","-788531241.57","0.00","-21497946.96","0.00","0.00","627746500.00","-788531241.57","LN","0.00","0.00","0.00","0.00","-788531241.57","0.00","-21497946.96","0.00","0.00","0.00","0.00","0.00","0.00","0.00","0.00","0.00","0.00","0.00","0.00","0.00","0.00"
"419","256941","1050102","000104430000062","1","2/28/2025","-754370523.35","53589482.23","-19428764.01","0.00","0.00","627746500.00","-754370523.35","LN","0.00","0.00","0.00","0.00","-754370523.35","53589482.23","-19428764.01","0.00","0.00","0.00","0.00","0.00","0.00","0.00","0.00","0.00","0.00","0.00","0.00","0.00","0.00"
"420","256942","1050102","000104430000062","1","3/31/2025","-721584928.03","53589482.22","-20803886.90","0.00","0.00","627746500.00","-721584928.03","LN","0.00","0.00","0.00","0.00","-721584928.03","53589482.22","-20803886.90","0.00","0.00","0.00","0.00","0.00","0.00","0.00","0.00","0.00","0.00","0.00","0.00","0.00","0.00"
"421","256943","1050102","000104430000062","1","4/30/2025","-741156683.53","0.00","-19571755.50","0.00","0.00","627746500.00","-741156683.53","LN","0.00","0.00","0.00","0.00","-741156683.53","0.00","-19571755.50","0.00","0.00","0.00","0.00","0.00","0.00","0.00","0.00","0.00","0.00","0.00","0.00","0.00","0.00"
"422","256944","1050102","000104430000062","1","5/31/2025","-734594804.33","26794741.11","-20232861.91","0.00","0.00","627746500.00","-734594804.33","LN","0.00","0.00","0.00","0.00","-734594804.33","26794741.11","-20232861.91","0.00","0.00","0.00","0.00","0.00","0.00","0.00","0.00","0.00","0.00","0.00","0.00","0.00","0.00"
"423","256945","1050102","000104430000062","1","6/30/2025","-727705985.24","26794741.11","-19905922.02","0.00","0.00","627746500.00","-727705985.24","LN","0.00","0.00","0.00","0.00","-727705985.24","26794741.11","-19905922.02","0.00","0.00","0.00","0.00","0.00","0.00","0.00","0.00","0.00","0.00","0.00","0.00","0.00","0.00"
"424","256946","1050102","000104430000062","1","7/31/2025","-720946585.95","26794741.11","-20035341.82","0.00","0.00","627746500.00","-720946585.95","LN","0.00","0.00","0.00","0.00","-720946585.95","26794741.11","-20035341.82","0.00","0.00","0.00","0.00","0.00","0.00","0.00","0.00","0.00","0.00","0.00","0.00","0.00","0.00"
"425","260816","1050102","000104430000062","1","8/31/2025","-714546086.79","26794741.11","-20394241.95","0.00","0.00","627746500.00","-714546086.79","LN","0.00","0.00","0.00","0.00","-714546086.79","26794741.11","-20394241.95","0.00","0.00","0.00","0.00","0.00","0.00","-138761446.42","-138761446.42","187563187.78","0.00","0.00","0.00","0.00","0.00"
"426","268409","1050102","000104430000062","1","9/30/2025","-707134343.56","26794741.11","-19382997.88","0.00","0.00","627746500.00","-707134343.56","LN","0.00","0.00","0.00","0.00","-707134343.56","26794741.11","-19382997.88","0.00","0.00","0.00","0.00","0.00","0.00","-138761446.42","-138761446.42","187563187.78","0.00","0.00","0.00","0.00","0.00"
"427","289008","1050102","000104430000062","1","10/31/2025","-699621669.24","26794741.11","-19282066.79","0.00","0.00","627746500.00","-699621669.24","LN","0.00","0.00","0.00","0.00","-699621669.24","26794741.11","-19282066.79","0.00","0.00","0.00","0.00","0.00","0.00","-138761446.42","-138761446.42","187563187.78","0.00","0.00","0.00","0.00","0.00"
"428","292802","1050102","000104430000062","1","11/30/2025","-665034062.46","53589482.22","-19001875.44","0.00","0.00","627746500.00","-665034062.46","LN","0.00","0.00","0.00","0.00","-665034062.46","53589482.22","-19001875.44","0.00","0.00","0.00","0.00","0.00","0.00","-138761446.42","-138761446.42","187563187.78","0.00","0.00","0.00","0.00","0.00"
"429","325195","1050102","000104430000062","1","12/31/2025","-685075072.14","0.00","-20041009.68","0.00","0.00","627746500.00","-685075072.14","LN","0.00","0.00","0.00","0.00","-685075072.14","0.00","-20041009.68","0.00","0.00","0.00","0.00","0.00","0.00","-138761446.42","-138761446.42","187563187.78","0.00","0.00","0.00","0.00","0.00"
"430","328993","1050102","000104430000062","1","1/31/2026","-677166843.33","26794741.11","-18886512.30","0.00","0.00","627746500.00","-677166843.33","LN","0.00","0.00","0.00","0.00","-677166843.33","26794741.11","-18886512.30","0.00","0.00","0.00","0.00","0.00","0.00","-138761446.42","-138761446.42","187563187.78","0.00","0.00","0.00","0.00","0.00"
"431","332807","1050102","000104430000062","1","2/28/2026","-666936082.74","26794741.11","-16563980.52","0.00","0.00","627746500.00","-666936082.74","LN","0.00","0.00","0.00","0.00","-666936082.74","26794741.11","-16563980.52","0.00","0.00","0.00","0.00","0.00","0.00","-138761446.42","-138761446.42","187563187.78","0.00","0.00","0.00","0.00","0.00"
"432","336606","1050102","000104430000062","1","3/31/2026","-657467986.09","26794741.11","-17326644.46","0.00","0.00","627746500.00","-657467986.09","LN","0.00","0.00","0.00","0.00","-657467986.09","26794741.11","-17326644.46","0.00","0.00","0.00","0.00","0.00","0.00","-138761446.42","-138761446.42","187563187.78","0.00","0.00","0.00","0.00","0.00"
"433","340387","1050102","000104430000062","1","4/30/2026","-673578653.58","0.00","-16110667.49","0.00","0.00","627746500.00","-673578653.58","LN","0.00","0.00","0.00","0.00","-673578653.58","0.00","-16110667.49","0.00","0.00","0.00","0.00","0.00","0.00","-138761446.42","-138761446.42","187563187.78","0.00","0.00","0.00","0.00","0.00"
"434","344167","1050102","000104430000062","1","5/31/2026","-689958610.18","0.00","-16379956.60","0.00","0.00","627746500.00","-689958610.18","LN","0.00","0.00","0.00","0.00","-689958610.18","0.00","-16379956.60","0.00","0.00","0.00","0.00","0.00","0.00","-138761446.42","-138761446.42","187563187.78","0.00","0.00","0.00","0.00","0.00"
"435","347948","1050102","000104430000062","1","6/30/2026","-706071506.66","0.00","-16112896.48","0.00","0.00","627746500.00","-706071506.66","LN","0.00","0.00","0.00","0.00","-706071506.66","0.00","-16112896.48","0.00","0.00","0.00","0.00","0.00","0.00","-138761446.42","-138761446.42","187563187.78","0.00","0.00","0.00","0.00","0.00"
"436","351728","1050102","000104430000062","1","7/31/2026","-669401579.61","53589482.22","-16919555.17","0.00","0.00","627746500.00","-669401579.61","LN","0.00","0.00","0.00","0.00","-669401579.61","53589482.22","-16919555.17","0.00","0.00","0.00","0.00","0.00","0.00","-138761446.42","-138761446.42","187563187.78","0.00","0.00","0.00","0.00","0.00"
"437","355493","1050102","000104430000062","1","8/31/2026","-685753318.05","0.00","-16351738.44","0.00","0.00","627746500.00","-685753318.05","LN","0.00","0.00","0.00","0.00","-685753318.05","0.00","-16351738.44","0.00","0.00","0.00","0.00","0.00","0.00","-138761446.42","-138761446.42","187563187.78","0.00","0.00","0.00","0.00","0.00"
"438","256947","1050102","000104430000064","1","10/31/2024","-21295000.00","0.00","-21295000.00","0.00","0.00","50000000.00","-21295000.00","LN","0.00","0.00","0.00","0.00","-21295000.00","0.00","-21295000.00","0.00","0.00","0.00","0.00","0.00","0.00","0.00","0.00","0.00","0.00","0.00","0.00","0.00","0.00"
"439","256948","1050102","000104430000064","1","11/30/2024","-50445205.54","0.00","-29150205.54","0.00","0.00","50000000.00","-50445205.54","LN","0.00","0.00","0.00","0.00","-50445205.54","0.00","-29150205.54","0.00","0.00","0.00","0.00","0.00","0.00","0.00","0.00","0.00","0.00","0.00","0.00","0.00","0.00"
"440","256949","1050102","000104430000064","1","12/31/2024","-51516302.35","0.00","-1071096.81","0.00","0.00","50000000.00","-51516302.35","LN","0.00","0.00","0.00","0.00","-51516302.35","0.00","-1071096.81","0.00","0.00","0.00","0.00","0.00","0.00","0.00","0.00","0.00","0.00","0.00","0.00","0.00","0.00"
"441","256950","1050102","000104430000064","1","1/31/2025","-52610141.69","0.00","-1093839.34","0.00","0.00","50000000.00","-52610141.69","LN","0.00","0.00","0.00","0.00","-52610141.69","0.00","-1093839.34","0.00","0.00","0.00","0.00","0.00","0.00","0.00","0.00","0.00","0.00","0.00","0.00","0.00","0.00"
"442","256951","1050102","000104430000064","1","2/28/2025","-53619103.21","0.00","-1008961.52","0.00","0.00","50000000.00","-53619103.21","LN","0.00","0.00","0.00","0.00","-53619103.21","0.00","-1008961.52","0.00","0.00","0.00","0.00","0.00","0.00","0.00","0.00","0.00","0.00","0.00","0.00","0.00","0.00"
"443","256952","1050102","000104430000064","1","3/31/2025","-51703015.59","3040000.00","-1123912.38","0.00","0.00","50000000.00","-51703015.59","LN","0.00","0.00","0.00","0.00","-51703015.59","3040000.00","-1123912.38","0.00","0.00","0.00","0.00","0.00","0.00","0.00","0.00","0.00","0.00","0.00","0.00","0.00","0.00"
"444","256953","1050102","000104430000064","1","4/30/2025","-49306556.91","3440000.00","-1043541.32","0.00","0.00","50000000.00","-49306556.91","LN","0.00","0.00","0.00","0.00","-49306556.91","3440000.00","-1043541.32","0.00","0.00","0.00","0.00","0.00","0.00","0.00","0.00","0.00","0.00","0.00","0.00","0.00","0.00"
"445","256954","1050102","000104430000064","1","5/31/2025","-47246849.28","3100000.00","-1040292.37","0.00","0.00","50000000.00","-47246849.28","LN","0.00","0.00","0.00","0.00","-47246849.28","3100000.00","-1040292.37","0.00","0.00","0.00","0.00","0.00","0.00","0.00","0.00","0.00","0.00","0.00","0.00","0.00","0.00"
"446","256955","1050102","000104430000064","1","6/30/2025","-44311995.56","3900000.00","-965146.28","0.00","0.00","50000000.00","-44311995.56","LN","0.00","0.00","0.00","0.00","-44311995.56","3900000.00","-965146.28","0.00","0.00","0.00","0.00","0.00","0.00","0.00","0.00","0.00","0.00","0.00","0.00","0.00","0.00"
"447","256956","1050102","000104430000064","1","7/31/2025","-42255298.33","3000000.00","-943302.77","0.00","0.00","50000000.00","-42255298.33","LN","0.00","0.00","0.00","0.00","-42255298.33","3000000.00","-943302.77","0.00","0.00","0.00","0.00","0.00","0.00","0.00","0.00","0.00","0.00","0.00","0.00","0.00","0.00"
"448","260817","1050102","000104430000064","1","8/31/2025","-40322820.45","3100000.00","-1167522.12","0.00","0.00","50000000.00","-40322820.45","LN","0.00","0.00","0.00","0.00","-40322820.45","3100000.00","-1167522.12","0.00","0.00","0.00","0.00","0.00","0.00","-3619103.21","-3619103.21","16480000.00","0.00","0.00","0.00","0.00","0.00"
"449","268410","1050102","000104430000064","1","9/30/2025","-38181601.59","3200000.00","-1058781.14","0.00","0.00","50000000.00","-38181601.59","LN","0.00","0.00","0.00","0.00","-38181601.59","3200000.00","-1058781.14","0.00","0.00","0.00","0.00","0.00","0.00","-3619103.21","-3619103.21","16480000.00","0.00","0.00","0.00","0.00","0.00"
"450","289009","1050102","000104430000064","1","10/31/2025","-35222369.41","4000000.00","-1040767.82","0.00","0.00","50000000.00","-35222369.41","LN","0.00","0.00","0.00","0.00","-35222369.41","4000000.00","-1040767.82","0.00","0.00","0.00","0.00","0.00","0.00","-3619103.21","-3619103.21","16480000.00","0.00","0.00","0.00","0.00","0.00"
"451","292803","1050102","000104430000064","1","11/30/2025","-32155418.01","4000000.00","-933048.60","0.00","0.00","50000000.00","-32155418.01","LN","0.00","0.00","0.00","0.00","-32155418.01","4000000.00","-933048.60","0.00","0.00","0.00","0.00","0.00","0.00","-3619103.21","-3619103.21","16480000.00","0.00","0.00","0.00","0.00","0.00"
"452","325196","1050102","000104430000064","1","12/31/2025","-30305104.17","5600000.00","-3749686.16","0.00","0.00","50000000.00","-30305104.17","LN","0.00","0.00","0.00","0.00","-30305104.17","5600000.00","-3749686.16","0.00","0.00","0.00","0.00","0.00","0.00","-3619103.21","-3619103.21","16480000.00","0.00","0.00","0.00","0.00","0.00"
"453","328994","1050102","000104430000064","1","1/31/2026","-31154477.51","0.00","-849373.34","0.00","0.00","50000000.00","-31154477.51","LN","0.00","0.00","0.00","0.00","-31154477.51","0.00","-849373.34","0.00","0.00","0.00","0.00","0.00","0.00","-3619103.21","-3619103.21","16480000.00","0.00","0.00","0.00","0.00","0.00"
"454","332808","1050102","000104430000064","1","2/28/2026","-31930351.94","0.00","-775874.43","0.00","0.00","50000000.00","-31930351.94","LN","0.00","0.00","0.00","0.00","-31930351.94","0.00","-775874.43","0.00","0.00","0.00","0.00","0.00","0.00","-3619103.21","-3619103.21","16480000.00","0.00","0.00","0.00","0.00","0.00"
"455","336607","1050102","000104430000064","1","3/31/2026","-32759228.97","0.00","-828877.03","0.00","0.00","50000000.00","-32759228.97","LN","0.00","0.00","0.00","0.00","-32759228.97","0.00","-828877.03","0.00","0.00","0.00","0.00","0.00","0.00","-3619103.21","-3619103.21","16480000.00","0.00","0.00","0.00","0.00","0.00"
"456","340388","1050102","000104430000064","1","4/30/2026","-28538270.51","5000000.00","-779041.54","0.00","0.00","50000000.00","-28538270.51","LN","0.00","0.00","0.00","0.00","-28538270.51","5000000.00","-779041.54","0.00","0.00","0.00","0.00","0.00","0.00","-3619103.21","-3619103.21","16480000.00","0.00","0.00","0.00","0.00","0.00"
"457","344168","1050102","000104430000064","1","5/31/2026","-29224987.24","0.00","-686716.73","0.00","0.00","50000000.00","-29224987.24","LN","0.00","0.00","0.00","0.00","-29224987.24","0.00","-686716.73","0.00","0.00","0.00","0.00","0.00","0.00","-3619103.21","-3619103.21","16480000.00","0.00","0.00","0.00","0.00","0.00"
"458","347949","1050102","000104430000064","1","6/30/2026","-27881807.94","2000000.00","-656820.70","0.00","0.00","50000000.00","-27881807.94","LN","0.00","0.00","0.00","0.00","-27881807.94","2000000.00","-656820.70","0.00","0.00","0.00","0.00","0.00","0.00","-3619103.21","-3619103.21","16480000.00","0.00","0.00","0.00","0.00","0.00"
"459","351729","1050102","000104430000064","1","7/31/2026","-28549443.52","0.00","-667635.58","0.00","0.00","50000000.00","-28549443.52","LN","0.00","0.00","0.00","0.00","-28549443.52","0.00","-667635.58","0.00","0.00","0.00","0.00","0.00","0.00","-3619103.21","-3619103.21","16480000.00","0.00","0.00","0.00","0.00","0.00"
"460","355494","1050102","000104430000064","1","8/31/2026","-16723371.57","12400000.00","-573928.05","0.00","0.00","50000000.00","-16723371.57","LN","0.00","0.00","0.00","0.00","-16723371.57","12400000.00","-573928.05","0.00","0.00","0.00","0.00","0.00","0.00","-3619103.21","-3619103.21","16480000.00","0.00","0.00","0.00","0.00","0.00"
"461","256957","1050102","000104430000068","1","11/30/2024","-25232876.72","0.00","-25232876.72","0.00","0.00","200000000.00","-25232876.72","LN","0.00","0.00","0.00","0.00","-25232876.72","0.00","-25232876.72","0.00","0.00","0.00","0.00","0.00","0.00","0.00","0.00","0.00","0.00","0.00","0.00","0.00","0.00"
"462","256958","1050102","000104430000068","1","12/31/2024","-27054482.91","0.00","-1821606.19","0.00","0.00","200000000.00","-27054482.91","LN","0.00","0.00","0.00","0.00","-27054482.91","0.00","-1821606.19","0.00","0.00","0.00","0.00","0.00","0.00","0.00","0.00","0.00","0.00","0.00","0.00","0.00","0.00"
"463","256959","1050102","000104430000068","1","1/31/2025","-29007594.20","0.00","-1953111.29","0.00","0.00","200000000.00","-29007594.20","LN","0.00","0.00","0.00","0.00","-29007594.20","0.00","-1953111.29","0.00","0.00","0.00","0.00","0.00","0.00","0.00","0.00","0.00","0.00","0.00","0.00","0.00","0.00"
"464","256960","1050102","000104430000068","1","2/28/2025","-210381924.99","0.00","-181374330.79","0.00","0.00","200000000.00","-210381924.99","LN","0.00","0.00","0.00","0.00","-210381924.99","0.00","-181374330.79","0.00","0.00","0.00","0.00","0.00","0.00","0.00","0.00","0.00","0.00","0.00","0.00","0.00","0.00"
"465","256961","1050102","000104430000068","1","3/31/2025","-225569770.80","0.00","-15187845.81","0.00","0.00","200000000.00","-225569770.80","LN","0.00","0.00","0.00","0.00","-225569770.80","0.00","-15187845.81","0.00","0.00","0.00","0.00","0.00","0.00","0.00","0.00","0.00","0.00","0.00","0.00","0.00","0.00"
"466","256962","1050102","000104430000068","1","4/30/2025","-241328754.90","0.00","-15758984.10","0.00","0.00","200000000.00","-241328754.90","LN","0.00","0.00","0.00","0.00","-241328754.90","0.00","-15758984.10","0.00","0.00","0.00","0.00","0.00","0.00","0.00","0.00","0.00","0.00","0.00","0.00","0.00","0.00"
"467","256963","1050102","000104430000068","1","5/31/2025","-258781121.52","0.00","-17452366.62","0.00","0.00","200000000.00","-258781121.52","LN","0.00","0.00","0.00","0.00","-258781121.52","0.00","-17452366.62","0.00","0.00","0.00","0.00","0.00","0.00","0.00","0.00","0.00","0.00","0.00","0.00","0.00","0.00"
"468","256964","1050102","000104430000068","1","6/30/2025","-267643632.46","9222865.59","-18085376.53","0.00","0.00","200000000.00","-267643632.46","LN","0.00","0.00","0.00","0.00","-267643632.46","9222865.59","-18085376.53","0.00","0.00","0.00","0.00","0.00","0.00","0.00","0.00","0.00","0.00","0.00","0.00","0.00","0.00"
"469","256965","1050102","000104430000068","1","7/31/2025","-277374168.07","9222865.59","-18953401.20","0.00","0.00","200000000.00","-277374168.07","LN","0.00","0.00","0.00","0.00","-277374168.07","9222865.59","-18953401.20","0.00","0.00","0.00","0.00","0.00","0.00","0.00","0.00","0.00","0.00","0.00","0.00","0.00","0.00"
"470","260818","1050102","000104430000068","1","8/31/2025","-275984597.41","9222865.99","-7833295.33","0.00","0.00","200000000.00","-275984597.41","LN","0.00","0.00","0.00","0.00","-275984597.41","9222865.99","-7833295.33","0.00","0.00","0.00","0.00","0.00","0.00","-6374330.79","-6374330.79","18445731.18","0.00","0.00","0.00","0.00","0.00"
"471","268411","1050102","000104430000068","1","9/30/2025","-274292637.22","9222865.59","-7530905.40","0.00","0.00","200000000.00","-274292637.22","LN","0.00","0.00","0.00","0.00","-274292637.22","9222865.59","-7530905.40","0.00","0.00","0.00","0.00","0.00","0.00","-6374330.79","-6374330.79","18445731.18","0.00","0.00","0.00","0.00","0.00"
"472","289010","1050102","000104430000068","1","10/31/2025","-272737805.37","9222865.59","-7668033.74","0.00","0.00","200000000.00","-272737805.37","LN","0.00","0.00","0.00","0.00","-272737805.37","9222865.59","-7668033.74","0.00","0.00","0.00","0.00","0.00","0.00","-6374330.79","-6374330.79","18445731.18","0.00","0.00","0.00","0.00","0.00"
"473","292804","1050102","000104430000068","1","11/30/2025","-280180184.97","0.00","-7442379.60","0.00","0.00","200000000.00","-280180184.97","LN","0.00","0.00","0.00","0.00","-280180184.97","0.00","-7442379.60","0.00","0.00","0.00","0.00","0.00","0.00","-6374330.79","-6374330.79","18445731.18","0.00","0.00","0.00","0.00","0.00"
"474","325197","1050102","000104430000068","1","12/31/2025","-200062827.64","87776540.72","-7659183.39","0.00","0.00","200000000.00","-200062827.64","LN","0.00","0.00","0.00","0.00","-200062827.64","87776540.72","-7659183.39","0.00","0.00","0.00","0.00","0.00","0.00","-6374330.79","-6374330.79","18445731.18","0.00","0.00","0.00","0.00","0.00"
"475","328995","1050102","000104430000068","1","1/31/2026","-196489762.94","9222865.59","-5649800.89","0.00","0.00","200000000.00","-196489762.94","LN","0.00","0.00","0.00","0.00","-196489762.94","9222865.59","-5649800.89","0.00","0.00","0.00","0.00","0.00","0.00","-6374330.79","-6374330.79","18445731.18","0.00","0.00","0.00","0.00","0.00"
"476","332809","1050102","000104430000068","1","2/28/2026","-192197256.71","9222865.59","-4930359.36","0.00","0.00","200000000.00","-192197256.71","LN","0.00","0.00","0.00","0.00","-192197256.71","9222865.59","-4930359.36","0.00","0.00","0.00","0.00","0.00","0.00","-6374330.79","-6374330.79","18445731.18","0.00","0.00","0.00","0.00","0.00"
"477","336608","1050102","000104430000068","1","3/31/2026","-187958821.53","9222865.59","-4984430.41","0.00","0.00","200000000.00","-187958821.53","LN","0.00","0.00","0.00","0.00","-187958821.53","9222865.59","-4984430.41","0.00","0.00","0.00","0.00","0.00","0.00","-6374330.79","-6374330.79","18445731.18","0.00","0.00","0.00","0.00","0.00"
"478","340389","1050102","000104430000068","1","4/30/2026","-183312610.66","9222865.59","-4576654.72","0.00","0.00","200000000.00","-183312610.66","LN","0.00","0.00","0.00","0.00","-183312610.66","9222865.59","-4576654.72","0.00","0.00","0.00","0.00","0.00","0.00","-6374330.79","-6374330.79","18445731.18","0.00","0.00","0.00","0.00","0.00"
"479","344169","1050102","000104430000068","1","5/31/2026","-178460785.79","9222865.59","-4371040.72","0.00","0.00","200000000.00","-178460785.79","LN","0.00","0.00","0.00","0.00","-178460785.79","9222865.59","-4371040.72","0.00","0.00","0.00","0.00","0.00","0.00","-6374330.79","-6374330.79","18445731.18","0.00","0.00","0.00","0.00","0.00"
"480","347950","1050102","000104430000068","1","6/30/2026","-173369709.99","9222865.59","-4131789.79","0.00","0.00","200000000.00","-173369709.99","LN","0.00","0.00","0.00","0.00","-173369709.99","9222865.59","-4131789.79","0.00","0.00","0.00","0.00","0.00","0.00","-6374330.79","-6374330.79","18445731.18","0.00","0.00","0.00","0.00","0.00"
"481","351730","1050102","000104430000068","1","7/31/2026","-177565256.98","0.00","-4195546.99","0.00","0.00","200000000.00","-177565256.98","LN","0.00","0.00","0.00","0.00","-177565256.98","0.00","-4195546.99","0.00","0.00","0.00","0.00","0.00","0.00","-6374330.79","-6374330.79","18445731.18","0.00","0.00","0.00","0.00","0.00"
"482","355495","1050102","000104430000068","1","8/31/2026","-172592521.67","9222865.59","-4250130.28","0.00","0.00","200000000.00","-172592521.67","LN","0.00","0.00","0.00","0.00","-172592521.67","9222865.59","-4250130.28","0.00","0.00","0.00","0.00","0.00","0.00","-6374330.79","-6374330.79","18445731.18","0.00","0.00","0.00","0.00","0.00"
"483","256966","1050102","000104430000069","1","12/31/2024","-412390410.98","0.00","-412390410.98","0.00","0.00","400000000.00","-412390410.98","LN","0.00","0.00","0.00","0.00","-412390410.98","0.00","-412390410.98","0.00","0.00","0.00","0.00","0.00","0.00","0.00","0.00","0.00","0.00","0.00","0.00","0.00","0.00"
"484","256967","1050102","000104430000069","1","1/31/2025","-421146645.87","0.00","-8756234.89","0.00","0.00","400000000.00","-421146645.87","LN","0.00","0.00","0.00","0.00","-421146645.87","0.00","-8756234.89","0.00","0.00","0.00","0.00","0.00","0.00","0.00","0.00","0.00","0.00","0.00","0.00","0.00","0.00"
"485","256968","1050102","000104430000069","1","2/28/2025","-429223430.95","0.00","-8076785.08","0.00","0.00","400000000.00","-429223430.95","LN","0.00","0.00","0.00","0.00","-429223430.95","0.00","-8076785.08","0.00","0.00","0.00","0.00","0.00","0.00","0.00","0.00","0.00","0.00","0.00","0.00","0.00","0.00"
"486","256969","1050102","000104430000069","1","3/31/2025","-438337079.10","0.00","-9113648.15","0.00","0.00","400000000.00","-438337079.10","LN","0.00","0.00","0.00","0.00","-438337079.10","0.00","-9113648.15","0.00","0.00","0.00","0.00","0.00","0.00","0.00","0.00","0.00","0.00","0.00","0.00","0.00","0.00"
"487","256970","1050102","000104430000069","1","4/30/2025","-447344005.50","0.00","-9006926.40","0.00","0.00","400000000.00","-447344005.50","LN","0.00","0.00","0.00","0.00","-447344005.50","0.00","-9006926.40","0.00","0.00","0.00","0.00","0.00","0.00","0.00","0.00","0.00","0.00","0.00","0.00","0.00","0.00"
"488","256971","1050102","000104430000069","1","5/31/2025","-456898783.10","0.00","-9554777.60","0.00","0.00","400000000.00","-456898783.10","LN","0.00","0.00","0.00","0.00","-456898783.10","0.00","-9554777.60","0.00","0.00","0.00","0.00","0.00","0.00","0.00","0.00","0.00","0.00","0.00","0.00","0.00","0.00"
"489","256972","1050102","000104430000069","1","6/30/2025","-326128497.32","139822827.74","-9052541.96","0.00","0.00","400000000.00","-326128497.32","LN","0.00","0.00","0.00","0.00","-326128497.32","139822827.74","-9052541.96","0.00","0.00","0.00","0.00","0.00","0.00","0.00","0.00","0.00","0.00","0.00","0.00","0.00","0.00"
"490","256973","1050102","000104430000069","1","7/31/2025","-333171085.83","0.00","-7042588.51","0.00","0.00","400000000.00","-333171085.83","LN","0.00","0.00","0.00","0.00","-333171085.83","0.00","-7042588.51","0.00","0.00","0.00","0.00","0.00","0.00","0.00","0.00","0.00","0.00","0.00","0.00","0.00","0.00"
"491","260819","1050102","000104430000069","1","8/31/2025","-341571561.29","0.00","-8400475.46","0.00","0.00","400000000.00","-341571561.29","LN","0.00","0.00","0.00","0.00","-341571561.29","0.00","-8400475.46","0.00","0.00","0.00","0.00","0.00","0.00","-19223430.95","-19223430.95","129822827.74","0.00","0.00","0.00","0.00","0.00"
"492","268412","1050102","000104430000069","1","9/30/2025","-349891870.20","0.00","-8320308.91","0.00","0.00","400000000.00","-349891870.20","LN","0.00","0.00","0.00","0.00","-349891870.20","0.00","-8320308.91","0.00","0.00","0.00","0.00","0.00","0.00","-19223430.95","-19223430.95","129822827.74","0.00","0.00","0.00","0.00","0.00"
"493","289011","1050102","000104430000069","1","10/31/2025","-358647571.45","0.00","-8755701.25","0.00","0.00","400000000.00","-358647571.45","LN","0.00","0.00","0.00","0.00","-358647571.45","0.00","-8755701.25","0.00","0.00","0.00","0.00","0.00","0.00","-19223430.95","-19223430.95","129822827.74","0.00","0.00","0.00","0.00","0.00"
"494","292805","1050102","000104430000069","1","11/30/2025","-367373024.65","0.00","-8725453.20","0.00","0.00","400000000.00","-367373024.65","LN","0.00","0.00","0.00","0.00","-367373024.65","0.00","-8725453.20","0.00","0.00","0.00","0.00","0.00","0.00","-19223430.95","-19223430.95","129822827.74","0.00","0.00","0.00","0.00","0.00"
"495","325198","1050102","000104430000069","1","12/31/2025","-250882735.57","139822827.74","-23332538.66","0.00","0.00","400000000.00","-250882735.57","LN","0.00","0.00","0.00","0.00","-250882735.57","139822827.74","-23332538.66","0.00","0.00","0.00","0.00","0.00","0.00","-19223430.95","-19223430.95","129822827.74","0.00","0.00","0.00","0.00","0.00"
"496","328996","1050102","000104430000069","1","1/31/2026","-257232474.56","0.00","-6349738.99","0.00","0.00","400000000.00","-257232474.56","LN","0.00","0.00","0.00","0.00","-257232474.56","0.00","-6349738.99","0.00","0.00","0.00","0.00","0.00","0.00","-19223430.95","-19223430.95","129822827.74","0.00","0.00","0.00","0.00","0.00"
"497","332810","1050102","000104430000069","1","2/28/2026","-263007167.44","0.00","-5774692.88","0.00","0.00","400000000.00","-263007167.44","LN","0.00","0.00","0.00","0.00","-263007167.44","0.00","-5774692.88","0.00","0.00","0.00","0.00","0.00","0.00","-19223430.95","-19223430.95","129822827.74","0.00","0.00","0.00","0.00","0.00"
"498","336609","1050102","000104430000069","1","3/31/2026","-269119742.24","0.00","-6112574.80","0.00","0.00","400000000.00","-269119742.24","LN","0.00","0.00","0.00","0.00","-269119742.24","0.00","-6112574.80","0.00","0.00","0.00","0.00","0.00","0.00","-19223430.95","-19223430.95","129822827.74","0.00","0.00","0.00","0.00","0.00"
"499","340390","1050102","000104430000069","1","4/30/2026","-274940101.71","0.00","-5820359.47","0.00","0.00","400000000.00","-274940101.71","LN","0.00","0.00","0.00","0.00","-274940101.71","0.00","-5820359.47","0.00","0.00","0.00","0.00","0.00","0.00","-19223430.95","-19223430.95","129822827.74","0.00","0.00","0.00","0.00","0.00"
"500","344170","1050102","000104430000069","1","5/31/2026","-280808754.71","0.00","-5868653.00","0.00","0.00","400000000.00","-280808754.71","LN","0.00","0.00","0.00","0.00","-280808754.71","0.00","-5868653.00","0.00","0.00","0.00","0.00","0.00","0.00","-19223430.95","-19223430.95","129822827.74","0.00","0.00","0.00","0.00","0.00"
"501","347951","1050102","000104430000069","1","6/30/2026","-146545194.97","139822827.74","-5559268.00","0.00","0.00","400000000.00","-146545194.97","LN","0.00","0.00","0.00","0.00","-146545194.97","139822827.74","-5559268.00","0.00","0.00","0.00","0.00","0.00","0.00","-19223430.95","-19223430.95","129822827.74","0.00","0.00","0.00","0.00","0.00"
"502","351731","1050102","000104430000069","1","7/31/2026","-149655968.01","0.00","-3110773.04","0.00","0.00","400000000.00","-149655968.01","LN","0.00","0.00","0.00","0.00","-149655968.01","0.00","-3110773.04","0.00","0.00","0.00","0.00","0.00","0.00","-19223430.95","-19223430.95","129822827.74","0.00","0.00","0.00","0.00","0.00"
"503","355496","1050102","000104430000069","1","8/31/2026","-152866806.15","0.00","-3210838.14","0.00","0.00","400000000.00","-152866806.15","LN","0.00","0.00","0.00","0.00","-152866806.15","0.00","-3210838.14","0.00","0.00","0.00","0.00","0.00","0.00","-19223430.95","-19223430.95","129822827.74","0.00","0.00","0.00","0.00","0.00"
"504","256974","1050102","000104430000070","1","1/31/2025","-377208184.93","0.00","-377208184.93","0.00","0.00","500000000.00","-377208184.93","LN","0.00","0.00","0.00","0.00","-377208184.93","0.00","-377208184.93","0.00","0.00","0.00","0.00","0.00","0.00","0.00","0.00","0.00","0.00","0.00","0.00","0.00","0.00"
"505","256975","1050102","000104430000070","1","2/28/2025","-507829437.77","0.00","-130621252.84","0.00","0.00","500000000.00","-507829437.77","LN","0.00","0.00","0.00","0.00","-507829437.77","0.00","-130621252.84","0.00","0.00","0.00","0.00","0.00","0.00","0.00","0.00","0.00","0.00","0.00","0.00","0.00","0.00"
"506","256976","1050102","000104430000070","1","3/31/2025","-489213011.37","29179262.49","-10562836.09","0.00","0.00","500000000.00","-489213011.37","LN","0.00","0.00","0.00","0.00","-489213011.37","29179262.49","-10562836.09","0.00","0.00","0.00","0.00","0.00","0.00","0.00","0.00","0.00","0.00","0.00","0.00","0.00","0.00"
"507","256977","1050102","000104430000070","1","4/30/2025","-482552543.98","16701350.40","-10040883.01","0.00","0.00","500000000.00","-482552543.98","LN","0.00","0.00","0.00","0.00","-482552543.98","16701350.40","-10040883.01","0.00","0.00","0.00","0.00","0.00","0.00","0.00","0.00","0.00","0.00","0.00","0.00","0.00","0.00"
"508","256978","1050102","000104430000070","1","5/31/2025","-476146456.19","16701350.40","-10295262.61","0.00","0.00","500000000.00","-476146456.19","LN","0.00","0.00","0.00","0.00","-476146456.19","16701350.40","-10295262.61","0.00","0.00","0.00","0.00","0.00","0.00","0.00","0.00","0.00","0.00","0.00","0.00","0.00","0.00"
"509","256979","1050102","000104430000070","1","6/30/2025","-485859560.82","121269.00","-9834373.63","0.00","0.00","500000000.00","-485859560.82","LN","0.00","0.00","0.00","0.00","-485859560.82","121269.00","-9834373.63","0.00","0.00","0.00","0.00","0.00","0.00","0.00","0.00","0.00","0.00","0.00","0.00","0.00","0.00"
"510","256980","1050102","000104430000070","1","7/31/2025","-479382906.89","16732000.00","-10255346.07","0.00","0.00","500000000.00","-479382906.89","LN","0.00","0.00","0.00","0.00","-479382906.89","16732000.00","-10255346.07","0.00","0.00","0.00","0.00","0.00","0.00","0.00","0.00","0.00","0.00","0.00","0.00","0.00","0.00"
"511","260820","1050102","000104430000070","1","8/31/2025","-474068224.73","16731448.00","-11416765.84","0.00","0.00","500000000.00","-474068224.73","LN","0.00","0.00","0.00","0.00","-474068224.73","16731448.00","-11416765.84","0.00","0.00","0.00","0.00","0.00","0.00","-7571252.84","-7571252.84","79435232.29","0.00","0.00","0.00","0.00","0.00"
"512","268413","1050102","000104430000070","1","9/30/2025","-469207557.92","16731448.80","-11870781.99","0.00","0.00","500000000.00","-469207557.92","LN","0.00","0.00","0.00","0.00","-469207557.92","16731448.80","-11870781.99","0.00","0.00","0.00","0.00","0.00","0.00","-7571252.84","-7571252.84","79435232.29","0.00","0.00","0.00","0.00","0.00"
"513","289012","1050102","000104430000070","1","10/31/2025","-464280892.15","17284366.26","-12357700.49","0.00","0.00","500000000.00","-464280892.15","LN","0.00","0.00","0.00","0.00","-464280892.15","17284366.26","-12357700.49","0.00","0.00","0.00","0.00","0.00","0.00","-7571252.84","-7571252.84","79435232.29","0.00","0.00","0.00","0.00","0.00"
"514","292806","1050102","000104430000070","1","11/30/2025","-476186834.95","0.00","-11905942.80","0.00","0.00","500000000.00","-476186834.95","LN","0.00","0.00","0.00","0.00","-476186834.95","0.00","-11905942.80","0.00","0.00","0.00","0.00","0.00","0.00","-7571252.84","-7571252.84","79435232.29","0.00","0.00","0.00","0.00","0.00"
"515","325199","1050102","000104430000070","1","12/31/2025","-490978027.99","16731448.80","-31522641.84","0.00","0.00","500000000.00","-490978027.99","LN","0.00","0.00","0.00","0.00","-490978027.99","16731448.80","-31522641.84","0.00","0.00","0.00","0.00","0.00","0.00","-7571252.84","-7571252.84","79435232.29","0.00","0.00","0.00","0.00","0.00"
"516","328997","1050102","000104430000070","1","1/31/2026","-487011567.76","16731449.00","-12764988.77","0.00","0.00","500000000.00","-487011567.76","LN","0.00","0.00","0.00","0.00","-487011567.76","16731449.00","-12764988.77","0.00","0.00","0.00","0.00","0.00","0.00","-7571252.84","-7571252.84","79435232.29","0.00","0.00","0.00","0.00","0.00"
"517","332811","1050102","000104430000070","1","2/28/2026","-481449918.56","16731449.00","-11169799.80","0.00","0.00","500000000.00","-481449918.56","LN","0.00","0.00","0.00","0.00","-481449918.56","16731449.00","-11169799.80","0.00","0.00","0.00","0.00","0.00","0.00","-7571252.84","-7571252.84","79435232.29","0.00","0.00","0.00","0.00","0.00"
"518","336610","1050102","000104430000070","1","3/31/2026","-465706152.25","27172440.00","-11428673.69","0.00","0.00","500000000.00","-465706152.25","LN","0.00","0.00","0.00","0.00","-465706152.25","27172440.00","-11428673.69","0.00","0.00","0.00","0.00","0.00","0.00","-7571252.84","-7571252.84","79435232.29","0.00","0.00","0.00","0.00","0.00"
"519","340391","1050102","000104430000070","1","4/30/2026","-476352322.44","0.00","-10646170.19","0.00","0.00","500000000.00","-476352322.44","LN","0.00","0.00","0.00","0.00","-476352322.44","0.00","-10646170.19","0.00","0.00","0.00","0.00","0.00","0.00","-7571252.84","-7571252.84","79435232.29","0.00","0.00","0.00","0.00","0.00"
"520","344171","1050102","000104430000070","1","5/31/2026","-470249251.44","16731449.00","-10628378.00","0.00","0.00","500000000.00","-470249251.44","LN","0.00","0.00","0.00","0.00","-470249251.44","16731449.00","-10628378.00","0.00","0.00","0.00","0.00","0.00","0.00","-7571252.84","-7571252.84","79435232.29","0.00","0.00","0.00","0.00","0.00"
"521","347952","1050102","000104430000070","1","6/30/2026","-480458169.54","0.00","-10208918.10","0.00","0.00","500000000.00","-480458169.54","LN","0.00","0.00","0.00","0.00","-480458169.54","0.00","-10208918.10","0.00","0.00","0.00","0.00","0.00","0.00","-7571252.84","-7571252.84","79435232.29","0.00","0.00","0.00","0.00","0.00"
"522","351732","1050102","000104430000070","1","7/31/2026","-451152972.03","62000000.00","-32694802.49","0.00","0.00","500000000.00","-451152972.03","LN","0.00","0.00","0.00","0.00","-451152972.03","62000000.00","-32694802.49","0.00","0.00","0.00","0.00","0.00","0.00","-7571252.84","-7571252.84","79435232.29","0.00","0.00","0.00","0.00","0.00"
"523","355497","1050102","000104430000070","1","8/31/2026","-422469547.70","38731449.00","-10048024.67","0.00","0.00","500000000.00","-422469547.70","LN","0.00","0.00","0.00","0.00","-422469547.70","38731449.00","-10048024.67","0.00","0.00","0.00","0.00","0.00","0.00","-7571252.84","-7571252.84","79435232.29","0.00","0.00","0.00","0.00","0.00"
"524","256981","1050102","000104430000071","1","5/31/2025","-1069192161.18","0.00","-1069192161.18","0.00","0.00","1046630000.00","-1069192161.18","LN","0.00","0.00","0.00","0.00","-1069192161.18","0.00","-1069192161.18","0.00","0.00","0.00","0.00","0.00","0.00","0.00","0.00","0.00","0.00","0.00","0.00","0.00","0.00"
"525","256982","1050102","000104430000071","1","6/30/2025","-1094615500.29","0.00","-25423339.11","0.00","0.00","1046630000.00","-1094615500.29","LN","0.00","0.00","0.00","0.00","-1094615500.29","0.00","-25423339.11","0.00","0.00","0.00","0.00","0.00","0.00","0.00","0.00","0.00","0.00","0.00","0.00","0.00","0.00"
"526","256983","1050102","000104430000071","1","7/31/2025","-1079984397.77","41294000.00","-26662897.48","0.00","0.00","1046630000.00","-1079984397.77","LN","0.00","0.00","0.00","0.00","-1079984397.77","41294000.00","-26662897.48","0.00","0.00","0.00","0.00","0.00","0.00","0.00","0.00","0.00","0.00","0.00","0.00","0.00","0.00"
"527","260821","1050102","000104430000071","1","8/31/2025","-1106756175.45","0.00","-26771777.68","0.00","0.00","1046630000.00","-1106756175.45","LN","0.00","0.00","0.00","0.00","-1106756175.45","0.00","-26771777.68","0.00","0.00","0.00","0.00","0.00","0.00","","","41294000.00","","","0.00","0.00","0.00"
"528","268414","1050102","000104430000071","1","9/30/2025","-1095661500.59","36979874.25","-25885199.39","0.00","0.00","1046630000.00","-1095661500.59","LN","0.00","0.00","0.00","0.00","-1095661500.59","36979874.25","-25885199.39","0.00","0.00","0.00","0.00","0.00","0.00","","","41294000.00","","","0.00","0.00","0.00"
"529","289013","1050102","000104430000071","1","10/31/2025","-1047713834.87","73959748.50","-26012082.78","0.00","0.00","1046630000.00","-1047713834.87","LN","0.00","0.00","0.00","0.00","-1047713834.87","73959748.50","-26012082.78","0.00","0.00","0.00","0.00","0.00","0.00","","","41294000.00","","","0.00","0.00","0.00"
"530","292807","1050102","000104430000071","1","11/30/2025","-1072772853.47","0.00","-25059018.60","0.00","0.00","1046630000.00","-1072772853.47","LN","0.00","0.00","0.00","0.00","-1072772853.47","0.00","-25059018.60","0.00","0.00","0.00","0.00","0.00","0.00","","","41294000.00","","","0.00","0.00","0.00"
"531","325200","1050102","000104430000071","1","12/31/2025","-1034033618.52","73959748.50","-35220513.55","0.00","0.00","1046630000.00","-1034033618.52","LN","0.00","0.00","0.00","0.00","-1034033618.52","73959748.50","-35220513.55","0.00","0.00","0.00","0.00","0.00","0.00","","","41294000.00","","","0.00","0.00","0.00"
"532","328998","1050102","000104430000071","1","1/31/2026","-1060555872.50","0.00","-26522253.98","0.00","0.00","1046630000.00","-1060555872.50","LN","0.00","0.00","0.00","0.00","-1060555872.50","0.00","-26522253.98","0.00","0.00","0.00","0.00","0.00","0.00","","","41294000.00","","","0.00","0.00","0.00"
"533","332812","1050102","000104430000071","1","2/28/2026","-1047020431.38","36979874.25","-23444433.13","0.00","0.00","1046630000.00","-1047020431.38","LN","0.00","0.00","0.00","0.00","-1047020431.38","36979874.25","-23444433.13","0.00","0.00","0.00","0.00","0.00","0.00","","","41294000.00","","","0.00","0.00","0.00"
"534","336611","1050102","000104430000071","1","3/31/2026","-997169447.85","73959748.50","-24108764.97","0.00","0.00","1046630000.00","-997169447.85","LN","0.00","0.00","0.00","0.00","-997169447.85","73959748.50","-24108764.97","0.00","0.00","0.00","0.00","0.00","0.00","","","41294000.00","","","0.00","0.00","0.00"
"535","340392","1050102","000104430000071","1","4/30/2026","-982057552.07","36979874.26","-21867978.48","0.00","0.00","1046630000.00","-982057552.07","LN","0.00","0.00","0.00","0.00","-982057552.07","36979874.26","-21867978.48","0.00","0.00","0.00","0.00","0.00","0.00","","","41294000.00","","","0.00","0.00","0.00"
"536","344172","1050102","000104430000071","1","5/31/2026","-966066996.56","36976412.25","-20985856.74","0.00","0.00","1046630000.00","-966066996.56","LN","0.00","0.00","0.00","0.00","-966066996.56","36976412.25","-20985856.74","0.00","0.00","0.00","0.00","0.00","0.00","","","41294000.00","","","0.00","0.00","0.00"
"537","347953","1050102","000104430000071","1","6/30/2026","-949160976.73","36979874.25","-20073854.42","0.00","0.00","1046630000.00","-949160976.73","LN","0.00","0.00","0.00","0.00","-949160976.73","36979874.25","-20073854.42","0.00","0.00","0.00","0.00","0.00","0.00","","","41294000.00","","","0.00","0.00","0.00"
"538","351733","1050102","000104430000071","1","7/31/2026","-932629504.69","36976412.25","-20444940.21","0.00","0.00","1046630000.00","-932629504.69","LN","0.00","0.00","0.00","0.00","-932629504.69","36976412.25","-20444940.21","0.00","0.00","0.00","0.00","0.00","0.00","","","41294000.00","","","0.00","0.00","0.00"
"539","355498","1050102","000104430000071","1","8/31/2026","-915953269.97","36976412.25","-20300177.53","0.00","0.00","1046630000.00","-915953269.97","LN","0.00","0.00","0.00","0.00","-915953269.97","36976412.25","-20300177.53","0.00","0.00","0.00","0.00","0.00","0.00","","","41294000.00","","","0.00","0.00","0.00"
"540","256984","1050102","000104430000072","1","5/31/2025","-969739580.30","97487126.99","-1067226707.29","0.00","0.00","1046210000.00","-969739580.30","LN","0.00","0.00","0.00","0.00","-969739580.30","97487126.99","-1067226707.29","0.00","0.00","0.00","0.00","0.00","0.00","0.00","0.00","0.00","0.00","0.00","0.00","0.00","0.00"
"541","256985","1050102","000104430000072","1","6/30/2025","-784518984.65","208643300.59","-23422704.94","0.00","0.00","1046210000.00","-784518984.65","LN","0.00","0.00","0.00","0.00","-784518984.65","208643300.59","-23422704.94","0.00","0.00","0.00","0.00","0.00","0.00","0.00","0.00","0.00","0.00","0.00","0.00","0.00","0.00"
"542","256986","1050102","000104430000072","1","7/31/2025","-804566131.38","0.00","-20047146.73","0.00","0.00","1046210000.00","-804566131.38","LN","0.00","0.00","0.00","0.00","-804566131.38","0.00","-20047146.73","0.00","0.00","0.00","0.00","0.00","0.00","0.00","0.00","0.00","0.00","0.00","0.00","0.00","0.00"
"543","260822","1050102","000104430000072","1","8/31/2025","-825193884.33","0.00","-20627752.95","0.00","0.00","1046210000.00","-825193884.33","LN","0.00","0.00","0.00","0.00","-825193884.33","0.00","-20627752.95","0.00","0.00","0.00","0.00","0.00","0.00","","","306130427.58","","","0.00","0.00","0.00"
"544","268415","1050102","000104430000072","1","9/30/2025","-741971688.00","102063138.58","-18840942.25","0.00","0.00","1046210000.00","-741971688.00","LN","0.00","0.00","0.00","0.00","-741971688.00","102063138.58","-18840942.25","0.00","0.00","0.00","0.00","0.00","0.00","","","306130427.58","","","0.00","0.00","0.00"
"545","289014","1050102","000104430000072","1","10/31/2025","-22470782.89","723130745.75","-3629840.64","0.00","0.00","1046210000.00","-22470782.89","LN","0.00","0.00","0.00","0.00","-22470782.89","723130745.75","-3629840.64","0.00","0.00","0.00","0.00","0.00","0.00","","","306130427.58","","","0.00","0.00","0.00"
"546","292808","1050102","000104430000072","1","11/30/2025","-23026703.89","0.00","-555921.00","0.00","0.00","1046210000.00","-23026703.89","LN","0.00","0.00","0.00","0.00","-23026703.89","0.00","-555921.00","0.00","0.00","0.00","0.00","0.00","0.00","","","306130427.58","","","0.00","0.00","0.00"
"547","325201","1050102","000104430000072","1","12/31/2025","-24277726.99","0.00","-1251023.10","0.00","0.00","1046210000.00","-24277726.99","LN","0.00","0.00","0.00","0.00","-24277726.99","0.00","-1251023.10","0.00","0.00","0.00","0.00","0.00","0.00","","","306130427.58","","","0.00","0.00","0.00"
"548","328999","1050102","000104430000072","1","1/31/2026","-2195377.10","22082349.89","0.00","0.00","0.00","1046210000.00","-2195377.10","LN","0.00","0.00","0.00","0.00","-2195377.10","22082349.89","0.00","0.00","0.00","0.00","0.00","0.00","0.00","","","306130427.58","","","0.00","0.00","0.00"
"549","332813","1050102","000104430000072","1","2/28/2026","-2195377.10","0.00","0.00","0.00","0.00","1046210000.00","-2195377.10","LN","0.00","0.00","0.00","0.00","-2195377.10","0.00","0.00","0.00","0.00","0.00","0.00","0.00","0.00","","","306130427.58","","","0.00","0.00","0.00"
"550","336612","1050102","000104430000072","1","3/31/2026","-2195377.10","366582668.00","-366582668.00","0.00","0.00","1046210000.00","-2195377.10","LN","0.00","0.00","0.00","0.00","-2195377.10","366582668.00","-366582668.00","0.00","0.00","0.00","0.00","0.00","0.00","","","306130427.58","","","0.00","0.00","0.00"
"551","340393","1050102","000104430000072","1","4/30/2026","-2195377.10","0.00","0.00","0.00","0.00","1046210000.00","-2195377.10","LN","0.00","0.00","0.00","0.00","-2195377.10","0.00","0.00","0.00","0.00","0.00","0.00","0.00","0.00","","","306130427.58","","","0.00","0.00","0.00"
"552","344173","1050102","000104430000072","1","5/31/2026","-2195377.10","0.00","0.00","0.00","0.00","1046210000.00","-2195377.10","LN","0.00","0.00","0.00","0.00","-2195377.10","0.00","0.00","0.00","0.00","0.00","0.00","0.00","0.00","","","306130427.58","","","0.00","0.00","0.00"
"553","347954","1050102","000104430000072","1","6/30/2026","-2195377.10","0.00","0.00","0.00","0.00","1046210000.00","-2195377.10","LN","0.00","0.00","0.00","0.00","-2195377.10","0.00","0.00","0.00","0.00","0.00","0.00","0.00","0.00","","","306130427.58","","","0.00","0.00","0.00"
"554","351734","1050102","000104430000072","1","7/31/2026","-2195377.10","0.00","0.00","0.00","0.00","1046210000.00","-2195377.10","LN","0.00","0.00","0.00","0.00","-2195377.10","0.00","0.00","0.00","0.00","0.00","0.00","0.00","0.00","","","306130427.58","","","0.00","0.00","0.00"
"555","355499","1050102","000104430000072","1","8/31/2026","-2195377.10","0.00","0.00","0.00","0.00","1046210000.00","-2195377.10","LN","0.00","0.00","0.00","0.00","-2195377.10","0.00","0.00","0.00","0.00","0.00","0.00","0.00","0.00","","","306130427.58","","","0.00","0.00","0.00"
"556","256987","1050102","000104430000073","1","5/31/2025","-506794520.48","0.00","-506794520.48","0.00","0.00","500000000.00","-506794520.48","LN","0.00","0.00","0.00","0.00","-506794520.48","0.00","-506794520.48","0.00","0.00","0.00","0.00","0.00","0.00","0.00","0.00","0.00","0.00","0.00","0.00","0.00","0.00"
"557","256988","1050102","000104430000073","1","6/30/2025","-491377777.65","28276493.17","-12859750.34","0.00","0.00","500000000.00","-491377777.65","LN","0.00","0.00","0.00","0.00","-491377777.65","28276493.17","-12859750.34","0.00","0.00","0.00","0.00","0.00","0.00","0.00","0.00","0.00","0.00","0.00","0.00","0.00","0.00"
"558","256989","1050102","000104430000073","1","7/31/2025","-476050910.89","28276493.17","-12949626.41","0.00","0.00","500000000.00","-476050910.89","LN","0.00","0.00","0.00","0.00","-476050910.89","28276493.17","-12949626.41","0.00","0.00","0.00","0.00","0.00","0.00","0.00","0.00","0.00","0.00","0.00","0.00","0.00","0.00"
"559","260823","1050102","000104430000073","1","8/31/2025","-460359727.14","28276493.17","-12585309.42","0.00","0.00","500000000.00","-460359727.14","LN","0.00","0.00","0.00","0.00","-460359727.14","28276493.17","-12585309.42","0.00","0.00","0.00","0.00","0.00","0.00","","","56552986.34","","","0.00","0.00","0.00"
"560","268416","1050102","000104430000073","1","9/30/2025","-443840565.18","28276494.00","-11757332.04","0.00","0.00","500000000.00","-443840565.18","LN","0.00","0.00","0.00","0.00","-443840565.18","28276494.00","-11757332.04","0.00","0.00","0.00","0.00","0.00","0.00","","","56552986.34","","","0.00","0.00","0.00"
"561","289015","1050102","000104430000073","1","10/31/2025","-427203341.60","28276494.00","-11639270.42","0.00","0.00","500000000.00","-427203341.60","LN","0.00","0.00","0.00","0.00","-427203341.60","28276494.00","-11639270.42","0.00","0.00","0.00","0.00","0.00","0.00","","","56552986.34","","","0.00","0.00","0.00"
"562","292809","1050102","000104430000073","1","11/30/2025","-438123361.40","0.00","-10920019.80","0.00","0.00","500000000.00","-438123361.40","LN","0.00","0.00","0.00","0.00","-438123361.40","0.00","-10920019.80","0.00","0.00","0.00","0.00","0.00","0.00","","","56552986.34","","","0.00","0.00","0.00"
"563","325202","1050102","000104430000073","1","12/31/2025","-390191956.02","58948105.82","-11016700.44","0.00","0.00","500000000.00","-390191956.02","LN","0.00","0.00","0.00","0.00","-390191956.02","58948105.82","-11016700.44","0.00","0.00","0.00","0.00","0.00","0.00","","","56552986.34","","","0.00","0.00","0.00"
"564","329000","1050102","000104430000073","1","1/31/2026","-400233251.89","0.00","-10041295.87","0.00","0.00","500000000.00","-400233251.89","LN","0.00","0.00","0.00","0.00","-400233251.89","0.00","-10041295.87","0.00","0.00","0.00","0.00","0.00","0.00","","","56552986.34","","","0.00","0.00","0.00"
"565","332814","1050102","000104430000073","1","2/28/2026","-352266535.24","56552988.00","-8586271.35","0.00","0.00","500000000.00","-352266535.24","LN","0.00","0.00","0.00","0.00","-352266535.24","56552988.00","-8586271.35","0.00","0.00","0.00","0.00","0.00","0.00","","","56552986.34","","","0.00","0.00","0.00"
"566","336613","1050102","000104430000073","1","3/31/2026","-332305467.48","28276494.00","-8315426.24","0.00","0.00","500000000.00","-332305467.48","LN","0.00","0.00","0.00","0.00","-332305467.48","28276494.00","-8315426.24","0.00","0.00","0.00","0.00","0.00","0.00","","","56552986.34","","","0.00","0.00","0.00"
"567","340394","1050102","000104430000073","1","4/30/2026","-311332452.54","28276494.00","-7303479.06","0.00","0.00","500000000.00","-311332452.54","LN","0.00","0.00","0.00","0.00","-311332452.54","28276494.00","-7303479.06","0.00","0.00","0.00","0.00","0.00","0.00","","","56552986.34","","","0.00","0.00","0.00"
"568","344174","1050102","000104430000073","1","5/31/2026","-291065662.52","27025500.00","-6758709.98","0.00","0.00","500000000.00","-291065662.52","LN","0.00","0.00","0.00","0.00","-291065662.52","27025500.00","-6758709.98","0.00","0.00","0.00","0.00","0.00","0.00","","","56552986.34","","","0.00","0.00","0.00"
"569","347955","1050102","000104430000073","1","6/30/2026","-270101039.50","27025500.00","-6060876.98","0.00","0.00","500000000.00","-270101039.50","LN","0.00","0.00","0.00","0.00","-270101039.50","27025500.00","-6060876.98","0.00","0.00","0.00","0.00","0.00","0.00","","","56552986.34","","","0.00","0.00","0.00"
"570","351735","1050102","000104430000073","1","7/31/2026","-248904901.28","27025500.00","-5829361.78","0.00","0.00","500000000.00","-248904901.28","LN","0.00","0.00","0.00","0.00","-248904901.28","27025500.00","-5829361.78","0.00","0.00","0.00","0.00","0.00","0.00","","","56552986.34","","","0.00","0.00","0.00"
"571","355500","1050102","000104430000073","1","8/31/2026","-254350804.18","0.00","-5445902.90","0.00","0.00","500000000.00","-254350804.18","LN","0.00","0.00","0.00","0.00","-254350804.18","0.00","-5445902.90","0.00","0.00","0.00","0.00","0.00","0.00","","","56552986.34","","","0.00","0.00","0.00"
"572","256990","1050102","000104430000074","1","5/31/2025","-52727606.10","0.00","-52727606.10","0.00","0.00","300000000.00","-52727606.10","LN","0.00","0.00","0.00","0.00","-52727606.10","0.00","-52727606.10","0.00","0.00","0.00","0.00","0.00","0.00","0.00","0.00","0.00","0.00","0.00","0.00","0.00","0.00"
"573","256991","1050102","000104430000074","1","6/30/2025","-54024705.24","0.00","-1297099.14","0.00","0.00","300000000.00","-54024705.24","LN","0.00","0.00","0.00","0.00","-54024705.24","0.00","-1297099.14","0.00","0.00","0.00","0.00","0.00","0.00","0.00","0.00","0.00","0.00","0.00","0.00","0.00","0.00"
"574","256992","1050102","000104430000074","1","7/31/2025","-55405221.46","0.00","-1380516.22","0.00","0.00","300000000.00","-55405221.46","LN","0.00","0.00","0.00","0.00","-55405221.46","0.00","-1380516.22","0.00","0.00","0.00","0.00","0.00","0.00","0.00","0.00","0.00","0.00","0.00","0.00","0.00","0.00"
"575","260824","1050102","000104430000074","1","8/31/2025","-271641382.16","37363521.93","-253599682.63","0.00","0.00","300000000.00","-271641382.16","LN","0.00","0.00","0.00","0.00","-271641382.16","37363521.93","-253599682.63","0.00","0.00","0.00","0.00","0.00","0.00","","","0.00","","","0.00","0.00","0.00"
"576","268417","1050102","000104430000074","1","9/30/2025","-261149019.89","17206692.47","-6714330.20","0.00","0.00","300000000.00","-261149019.89","LN","0.00","0.00","0.00","0.00","-261149019.89","17206692.47","-6714330.20","0.00","0.00","0.00","0.00","0.00","0.00","","","0.00","","","0.00","0.00","0.00"
"577","289016","1050102","000104430000074","1","10/31/2025","-250542650.16","17206692.47","-6600322.74","0.00","0.00","300000000.00","-250542650.16","LN","0.00","0.00","0.00","0.00","-250542650.16","17206692.47","-6600322.74","0.00","0.00","0.00","0.00","0.00","0.00","","","0.00","","","0.00","0.00","0.00"
"578","292810","1050102","000104430000074","1","11/30/2025","-256741006.56","0.00","-6198356.40","0.00","0.00","300000000.00","-256741006.56","LN","0.00","0.00","0.00","0.00","-256741006.56","0.00","-6198356.40","0.00","0.00","0.00","0.00","0.00","0.00","","","0.00","","","0.00","0.00","0.00"
"579","325203","1050102","000104430000074","1","12/31/2025","-224286414.08","38765720.15","-6311127.67","0.00","0.00","300000000.00","-224286414.08","LN","0.00","0.00","0.00","0.00","-224286414.08","38765720.15","-6311127.67","0.00","0.00","0.00","0.00","0.00","0.00","","","0.00","","","0.00","0.00","0.00"
"580","329001","1050102","000104430000074","1","1/31/2026","-230039206.84","0.00","-5752792.76","0.00","0.00","300000000.00","-230039206.84","LN","0.00","0.00","0.00","0.00","-230039206.84","0.00","-5752792.76","0.00","0.00","0.00","0.00","0.00","0.00","","","0.00","","","0.00","0.00","0.00"
"581","332815","1050102","000104430000074","1","2/28/2026","-217263967.92","17951816.13","-5176577.21","0.00","0.00","300000000.00","-217263967.92","LN","0.00","0.00","0.00","0.00","-217263967.92","17951816.13","-5176577.21","0.00","0.00","0.00","0.00","0.00","0.00","","","0.00","","","0.00","0.00","0.00"
"582","336614","1050102","000104430000074","1","3/31/2026","-186121070.26","35903632.26","-4760734.60","0.00","0.00","300000000.00","-186121070.26","LN","0.00","0.00","0.00","0.00","-186121070.26","35903632.26","-4760734.60","0.00","0.00","0.00","0.00","0.00","0.00","","","0.00","","","0.00","0.00","0.00"
"583","340395","1050102","000104430000074","1","4/30/2026","-172243118.85","17951816.13","-4073864.72","0.00","0.00","300000000.00","-172243118.85","LN","0.00","0.00","0.00","0.00","-172243118.85","17951816.13","-4073864.72","0.00","0.00","0.00","0.00","0.00","0.00","","","0.00","","","0.00","0.00","0.00"
"584","344175","1050102","000104430000074","1","5/31/2026","-157875882.69","17951816.13","-3584579.97","0.00","0.00","300000000.00","-157875882.69","LN","0.00","0.00","0.00","0.00","-157875882.69","17951816.13","-3584579.97","0.00","0.00","0.00","0.00","0.00","0.00","","","0.00","","","0.00","0.00","0.00"
"585","347956","1050102","000104430000074","1","6/30/2026","-143196306.78","17951816.13","-3272240.22","0.00","0.00","300000000.00","-143196306.78","LN","0.00","0.00","0.00","0.00","-143196306.78","17951816.13","-3272240.22","0.00","0.00","0.00","0.00","0.00","0.00","","","0.00","","","0.00","0.00","0.00"
"586","351736","1050102","000104430000074","1","7/31/2026","-128282853.15","17951816.13","-3038362.50","0.00","0.00","300000000.00","-128282853.15","LN","0.00","0.00","0.00","0.00","-128282853.15","17951816.13","-3038362.50","0.00","0.00","0.00","0.00","0.00","0.00","","","0.00","","","0.00","0.00","0.00"
"587","355501","1050102","000104430000074","1","8/31/2026","-113114260.34","17951816.13","-2783223.32","0.00","0.00","300000000.00","-113114260.34","LN","0.00","0.00","0.00","0.00","-113114260.34","17951816.13","-2783223.32","0.00","0.00","0.00","0.00","0.00","0.00","","","0.00","","","0.00","0.00","0.00"
"588","256993","1050102","000104430000075","1","5/31/2025","-100789041.07","0.00","-100789041.07","0.00","0.00","100000000.00","-100789041.07","LN","0.00","0.00","0.00","0.00","-100789041.07","0.00","-100789041.07","0.00","0.00","0.00","0.00","0.00","0.00","0.00","0.00","0.00","0.00","0.00","0.00","0.00","0.00"
"589","256994","1050102","000104430000075","1","6/30/2025","-103434132.04","0.00","-2645090.97","0.00","0.00","100000000.00","-103434132.04","LN","0.00","0.00","0.00","0.00","-103434132.04","0.00","-2645090.97","0.00","0.00","0.00","0.00","0.00","0.00","0.00","0.00","0.00","0.00","0.00","0.00","0.00","0.00"
"590","256995","1050102","000104430000075","1","7/31/2025","-106252924.68","0.00","-2818792.64","0.00","0.00","100000000.00","-106252924.68","LN","0.00","0.00","0.00","0.00","-106252924.68","0.00","-2818792.64","0.00","0.00","0.00","0.00","0.00","0.00","0.00","0.00","0.00","0.00","0.00","0.00","0.00","0.00"
"591","260825","1050102","000104430000075","1","8/31/2025","-109157559.50","0.00","-2904634.82","0.00","0.00","100000000.00","-109157559.50","LN","0.00","0.00","0.00","0.00","-109157559.50","0.00","-2904634.82","0.00","0.00","0.00","0.00","0.00","0.00","","","0.00","","","0.00","0.00","0.00"
"592","268418","1050102","000104430000075","1","9/30/2025","-112040814.36","0.00","-2883254.86","0.00","0.00","100000000.00","-112040814.36","LN","0.00","0.00","0.00","0.00","-112040814.36","0.00","-2883254.86","0.00","0.00","0.00","0.00","0.00","0.00","","","0.00","","","0.00","0.00","0.00"
"593","289017","1050102","000104430000075","1","10/31/2025","-100761679.53","13938485.74","-2659350.91","0.00","0.00","100000000.00","-100761679.53","LN","0.00","0.00","0.00","0.00","-100761679.53","13938485.74","-2659350.91","0.00","0.00","0.00","0.00","0.00","0.00","","","0.00","","","0.00","0.00","0.00"
"594","292811","1050102","000104430000075","1","11/30/2025","-103420131.63","0.00","-2658452.10","0.00","0.00","100000000.00","-103420131.63","LN","0.00","0.00","0.00","0.00","-103420131.63","0.00","-2658452.10","0.00","0.00","0.00","0.00","0.00","0.00","","","0.00","","","0.00","0.00","0.00"
"595","325204","1050102","000104430000075","1","12/31/2025","-99308793.96","6969242.87","-2857905.20","0.00","0.00","100000000.00","-99308793.96","LN","0.00","0.00","0.00","0.00","-99308793.96","6969242.87","-2857905.20","0.00","0.00","0.00","0.00","0.00","0.00","","","0.00","","","0.00","0.00","0.00"
"596","329002","1050102","000104430000075","1","1/31/2026","-95926928.04","6000000.00","-2618134.08","0.00","0.00","100000000.00","-95926928.04","LN","0.00","0.00","0.00","0.00","-95926928.04","6000000.00","-2618134.08","0.00","0.00","0.00","0.00","0.00","0.00","","","0.00","","","0.00","0.00","0.00"
"597","332816","1050102","000104430000075","1","2/28/2026","-98264391.32","0.00","-2337463.28","0.00","0.00","100000000.00","-98264391.32","LN","0.00","0.00","0.00","0.00","-98264391.32","0.00","-2337463.28","0.00","0.00","0.00","0.00","0.00","0.00","","","0.00","","","0.00","0.00","0.00"
"598","336615","1050102","000104430000075","1","3/31/2026","-100756807.09","0.00","-2492415.77","0.00","0.00","100000000.00","-100756807.09","LN","0.00","0.00","0.00","0.00","-100756807.09","0.00","-2492415.77","0.00","0.00","0.00","0.00","0.00","0.00","","","0.00","","","0.00","0.00","0.00"
"599","340396","1050102","000104430000075","1","4/30/2026","-103142949.15","0.00","-2386142.06","0.00","0.00","100000000.00","-103142949.15","LN","0.00","0.00","0.00","0.00","-103142949.15","0.00","-2386142.06","0.00","0.00","0.00","0.00","0.00","0.00","","","0.00","","","0.00","0.00","0.00"
"600","344176","1050102","000104430000075","1","5/31/2026","-105563558.62","0.00","-2420609.47","0.00","0.00","100000000.00","-105563558.62","LN","0.00","0.00","0.00","0.00","-105563558.62","0.00","-2420609.47","0.00","0.00","0.00","0.00","0.00","0.00","","","0.00","","","0.00","0.00","0.00"
"601","347957","1050102","000104430000075","1","6/30/2026","-107942064.58","0.00","-2378505.96","0.00","0.00","100000000.00","-107942064.58","LN","0.00","0.00","0.00","0.00","-107942064.58","0.00","-2378505.96","0.00","0.00","0.00","0.00","0.00","0.00","","","0.00","","","0.00","0.00","0.00"
"602","351737","1050102","000104430000075","1","7/31/2026","-98439982.92","12000000.00","-2497918.34","0.00","0.00","100000000.00","-98439982.92","LN","0.00","0.00","0.00","0.00","-98439982.92","12000000.00","-2497918.34","0.00","0.00","0.00","0.00","0.00","0.00","","","0.00","","","0.00","0.00","0.00"
"603","355502","1050102","000104430000075","1","8/31/2026","-100761009.03","0.00","-2321026.11","0.00","0.00","100000000.00","-100761009.03","LN","0.00","0.00","0.00","0.00","-100761009.03","0.00","-2321026.11","0.00","0.00","0.00","0.00","0.00","0.00","","","0.00","","","0.00","0.00","0.00"
"604","256996","1050102","000104430000076","1","6/30/2025","-151763013.72","0.00","-151763013.72","0.00","0.00","150000000.00","-151763013.72","LN","0.00","0.00","0.00","0.00","-151763013.72","0.00","-151763013.72","0.00","0.00","0.00","0.00","0.00","0.00","0.00","0.00","0.00","0.00","0.00","0.00","0.00","0.00"
"605","256997","1050102","000104430000076","1","7/31/2025","-156040651.65","0.00","-4277637.93","0.00","0.00","150000000.00","-156040651.65","LN","0.00","0.00","0.00","0.00","-156040651.65","0.00","-4277637.93","0.00","0.00","0.00","0.00","0.00","0.00","0.00","0.00","0.00","0.00","0.00","0.00","0.00","0.00"
"606","260826","1050102","000104430000076","1","8/31/2025","-160452113.39","0.00","-4411461.74","0.00","0.00","150000000.00","-160452113.39","LN","0.00","0.00","0.00","0.00","-160452113.39","0.00","-4411461.74","0.00","0.00","0.00","0.00","0.00","0.00","","","","","","","0.00","0.00"
"607","268419","1050102","000104430000076","1","9/30/2025","-164835313.39","0.00","-4383200.00","0.00","0.00","150000000.00","-164835313.39","LN","0.00","0.00","0.00","0.00","-164835313.39","0.00","-4383200.00","0.00","0.00","0.00","0.00","0.00","0.00","","","","","","","0.00","0.00"
"608","289018","1050102","000104430000076","1","10/31/2025","-169459296.02","0.00","-4623982.63","0.00","0.00","150000000.00","-169459296.02","LN","0.00","0.00","0.00","0.00","-169459296.02","0.00","-4623982.63","0.00","0.00","0.00","0.00","0.00","0.00","","","","","","","0.00","0.00"
"609","292812","1050102","000104430000076","1","11/30/2025","-174083445.62","0.00","-4624149.60","0.00","0.00","150000000.00","-174083445.62","LN","0.00","0.00","0.00","0.00","-174083445.62","0.00","-4624149.60","0.00","0.00","0.00","0.00","0.00","0.00","","","","","","","0.00","0.00"
"610","325205","1050102","000104430000076","1","12/31/2025","-179107885.90","0.00","-5024440.28","0.00","0.00","150000000.00","-179107885.90","LN","0.00","0.00","0.00","0.00","-179107885.90","0.00","-5024440.28","0.00","0.00","0.00","0.00","0.00","0.00","","","","","","","0.00","0.00"
"611","329003","1050102","000104430000076","1","1/31/2026","-184173449.58","0.00","-5065563.68","0.00","0.00","150000000.00","-184173449.58","LN","0.00","0.00","0.00","0.00","-184173449.58","0.00","-5065563.68","0.00","0.00","0.00","0.00","0.00","0.00","","","","","","","0.00","0.00"
"612","332817","1050102","000104430000076","1","2/28/2026","-188802510.55","0.00","-4629060.97","0.00","0.00","150000000.00","-188802510.55","LN","0.00","0.00","0.00","0.00","-188802510.55","0.00","-4629060.97","0.00","0.00","0.00","0.00","0.00","0.00","","","","","","","0.00","0.00"
"613","336616","1050102","000104430000076","1","3/31/2026","-193751722.58","0.00","-4949212.03","0.00","0.00","150000000.00","-193751722.58","LN","0.00","0.00","0.00","0.00","-193751722.58","0.00","-4949212.03","0.00","0.00","0.00","0.00","0.00","0.00","","","","","","","0.00","0.00"
"614","340397","1050102","000104430000076","1","4/30/2026","-198499436.05","0.00","-4747713.47","0.00","0.00","150000000.00","-198499436.05","LN","0.00","0.00","0.00","0.00","-198499436.05","0.00","-4747713.47","0.00","0.00","0.00","0.00","0.00","0.00","","","","","","","0.00","0.00"
"615","344177","1050102","000104430000076","1","5/31/2026","-203326507.14","0.00","-4827071.09","0.00","0.00","150000000.00","-203326507.14","LN","0.00","0.00","0.00","0.00","-203326507.14","0.00","-4827071.09","0.00","0.00","0.00","0.00","0.00","0.00","","","","","","","0.00","0.00"
"616","347958","1050102","000104430000076","1","6/30/2026","-208074877.28","0.00","-4748370.14","0.00","0.00","150000000.00","-208074877.28","LN","0.00","0.00","0.00","0.00","-208074877.28","0.00","-4748370.14","0.00","0.00","0.00","0.00","0.00","0.00","","","","","","","0.00","0.00"
"617","351738","1050102","000104430000076","1","7/31/2026","-213110289.18","0.00","-5035411.90","0.00","0.00","150000000.00","-213110289.18","LN","0.00","0.00","0.00","0.00","-213110289.18","0.00","-5035411.90","0.00","0.00","0.00","0.00","0.00","0.00","","","","","","","0.00","0.00"
"618","355503","1050102","000104430000076","1","8/31/2026","-181153682.71","37133036.75","-5176430.28","0.00","0.00","150000000.00","-181153682.71","LN","0.00","0.00","0.00","0.00","-181153682.71","37133036.75","-5176430.28","0.00","0.00","0.00","0.00","0.00","0.00","","","","","","","0.00","0.00"
"619","256998","1050102","000104430000077","1","6/30/2025","-161578082.20","0.00","-161578082.20","0.00","0.00","160000000.00","-161578082.20","LN","0.00","0.00","0.00","0.00","-161578082.20","0.00","-161578082.20","0.00","0.00","0.00","0.00","0.00","0.00","0.00","0.00","0.00","0.00","0.00","0.00","0.00","0.00"
"620","256999","1050102","000104430000077","1","7/31/2025","-165720678.54","0.00","-4142596.34","0.00","0.00","160000000.00","-165720678.54","LN","0.00","0.00","0.00","0.00","-165720678.54","0.00","-4142596.34","0.00","0.00","0.00","0.00","0.00","0.00","0.00","0.00","0.00","0.00","0.00","0.00","0.00","0.00"
"621","260827","1050102","000104430000077","1","8/31/2025","-169983559.12","0.00","-4262880.58","0.00","0.00","160000000.00","-169983559.12","LN","0.00","0.00","0.00","0.00","-169983559.12","0.00","-4262880.58","0.00","0.00","0.00","0.00","0.00","0.00","","","","","","","0.00","0.00"
"622","268420","1050102","000104430000077","1","9/30/2025","-174207999.83","0.00","-4224440.71","0.00","0.00","160000000.00","-174207999.83","LN","0.00","0.00","0.00","0.00","-174207999.83","0.00","-4224440.71","0.00","0.00","0.00","0.00","0.00","0.00","","","","","","","0.00","0.00"
"623","289019","1050102","000104430000077","1","10/31/2025","-149972253.96","28612069.30","-4376323.43","0.00","0.00","160000000.00","-149972253.96","LN","0.00","0.00","0.00","0.00","-149972253.96","28612069.30","-4376323.43","0.00","0.00","0.00","0.00","0.00","0.00","","","","","","","0.00","0.00"
"624","292813","1050102","000104430000077","1","11/30/2025","-153694852.86","0.00","-3722598.90","0.00","0.00","160000000.00","-153694852.86","LN","0.00","0.00","0.00","0.00","-153694852.86","0.00","-3722598.90","0.00","0.00","0.00","0.00","0.00","0.00","","","","","","","0.00","0.00"
"625","325206","1050102","000104430000077","1","12/31/2025","-157747535.15","0.00","-4052682.29","0.00","0.00","160000000.00","-157747535.15","LN","0.00","0.00","0.00","0.00","-157747535.15","0.00","-4052682.29","0.00","0.00","0.00","0.00","0.00","0.00","","","","","","","0.00","0.00"
"626","329004","1050102","000104430000077","1","1/31/2026","-161807049.01","0.00","-4059513.86","0.00","0.00","160000000.00","-161807049.01","LN","0.00","0.00","0.00","0.00","-161807049.01","0.00","-4059513.86","0.00","0.00","0.00","0.00","0.00","0.00","","","","","","","0.00","0.00"
"627","332818","1050102","000104430000077","1","2/28/2026","-165501569.32","0.00","-3694520.31","0.00","0.00","160000000.00","-165501569.32","LN","0.00","0.00","0.00","0.00","-165501569.32","0.00","-3694520.31","0.00","0.00","0.00","0.00","0.00","0.00","","","","","","","0.00","0.00"
"628","336617","1050102","000104430000077","1","3/31/2026","-169418288.55","0.00","-3916719.23","0.00","0.00","160000000.00","-169418288.55","LN","0.00","0.00","0.00","0.00","-169418288.55","0.00","-3916719.23","0.00","0.00","0.00","0.00","0.00","0.00","","","","","","","0.00","0.00"
"629","340398","1050102","000104430000077","1","4/30/2026","-173151989.19","0.00","-3733700.64","0.00","0.00","160000000.00","-173151989.19","LN","0.00","0.00","0.00","0.00","-173151989.19","0.00","-3733700.64","0.00","0.00","0.00","0.00","0.00","0.00","","","","","","","0.00","0.00"
"630","344178","1050102","000104430000077","1","5/31/2026","-176921484.33","0.00","-3769495.14","0.00","0.00","160000000.00","-176921484.33","LN","0.00","0.00","0.00","0.00","-176921484.33","0.00","-3769495.14","0.00","0.00","0.00","0.00","0.00","0.00","","","","","","","0.00","0.00"
"631","347959","1050102","000104430000077","1","6/30/2026","-180616962.01","0.00","-3695477.68","0.00","0.00","160000000.00","-180616962.01","LN","0.00","0.00","0.00","0.00","-180616962.01","0.00","-3695477.68","0.00","0.00","0.00","0.00","0.00","0.00","","","","","","","0.00","0.00"
"632","351739","1050102","000104430000077","1","7/31/2026","-3531396.96","180491905.00","-3406339.95","0.00","0.00","160000000.00","-3531396.96","LN","0.00","0.00","0.00","0.00","-3531396.96","180491905.00","-3406339.95","0.00","0.00","0.00","0.00","0.00","0.00","","","","","","","0.00","0.00"
"633","355504","1050102","000104430000077","1","8/31/2026","-3608662.11","0.00","-77265.15","0.00","0.00","160000000.00","-3608662.11","LN","0.00","0.00","0.00","0.00","-3608662.11","0.00","-77265.15","0.00","0.00","0.00","0.00","0.00","0.00","","","","","","","0.00","0.00"
"634","257000","1050102","000104430000078","1","6/30/2025","-50043835.62","0.00","-50043835.62","0.00","0.00","50000000.00","-50043835.62","LN","0.00","0.00","0.00","0.00","-50043835.62","0.00","-50043835.62","0.00","0.00","0.00","0.00","0.00","0.00","0.00","0.00","0.00","0.00","0.00","0.00","0.00","0.00"
"635","257001","1050102","000104430000078","1","7/31/2025","-51411883.26","0.00","-1368047.64","0.00","0.00","50000000.00","-51411883.26","LN","0.00","0.00","0.00","0.00","-51411883.26","0.00","-1368047.64","0.00","0.00","0.00","0.00","0.00","0.00","0.00","0.00","0.00","0.00","0.00","0.00","0.00","0.00"
"636","260828","1050102","000104430000078","1","8/31/2025","-42950910.60","9857700.00","-1396727.34","0.00","0.00","50000000.00","-42950910.60","LN","0.00","0.00","0.00","0.00","-42950910.60","9857700.00","-1396727.34","0.00","0.00","0.00","0.00","0.00","0.00","","","","","","","0.00","0.00"
"637","268421","1050102","000104430000078","1","9/30/2025","-44088933.17","0.00","-1138022.57","0.00","0.00","50000000.00","-44088933.17","LN","0.00","0.00","0.00","0.00","-44088933.17","0.00","-1138022.57","0.00","0.00","0.00","0.00","0.00","0.00","","","","","","","0.00","0.00"
"638","289020","1050102","000104430000078","1","10/31/2025","-40223825.80","4930000.00","-1064892.63","0.00","0.00","50000000.00","-40223825.80","LN","0.00","0.00","0.00","0.00","-40223825.80","4930000.00","-1064892.63","0.00","0.00","0.00","0.00","0.00","0.00","","","","","","","0.00","0.00"
"639","292814","1050102","000104430000078","1","11/30/2025","-31326019.98","9858000.00","-960194.18","0.00","0.00","50000000.00","-31326019.98","LN","0.00","0.00","0.00","0.00","-31326019.98","9858000.00","-960194.18","0.00","0.00","0.00","0.00","0.00","0.00","","","","","","","0.00","0.00"
"640","325207","1050102","000104430000078","1","12/31/2025","-22252362.43","9859000.00","-785342.45","0.00","0.00","50000000.00","-22252362.43","LN","0.00","0.00","0.00","0.00","-22252362.43","9859000.00","-785342.45","0.00","0.00","0.00","0.00","0.00","0.00","","","","","","","0.00","0.00"
"641","329005","1050102","000104430000078","1","1/31/2026","-22862808.85","0.00","-610446.42","0.00","0.00","50000000.00","-22862808.85","LN","0.00","0.00","0.00","0.00","-22862808.85","0.00","-610446.42","0.00","0.00","0.00","0.00","0.00","0.00","","","","","","","0.00","0.00"
"642","332819","1050102","000104430000078","1","2/28/2026","-13459827.62","9857350.00","-454368.77","0.00","0.00","50000000.00","-13459827.62","LN","0.00","0.00","0.00","0.00","-13459827.62","9857350.00","-454368.77","0.00","0.00","0.00","0.00","0.00","0.00","","","","","","","0.00","0.00"
"643","336618","1050102","000104430000078","1","3/31/2026","-13801227.77","0.00","-341400.15","0.00","0.00","50000000.00","-13801227.77","LN","0.00","0.00","0.00","0.00","-13801227.77","0.00","-341400.15","0.00","0.00","0.00","0.00","0.00","0.00","","","","","","","0.00","0.00"
"644","340399","1050102","000104430000078","1","4/30/2026","-4200187.01","9859000.00","-257959.24","0.00","0.00","50000000.00","-4200187.01","LN","0.00","0.00","0.00","0.00","-4200187.01","9859000.00","-257959.24","0.00","0.00","0.00","0.00","0.00","0.00","","","","","","","0.00","0.00"
"645","344179","1050102","000104430000078","1","5/31/2026","-4298759.04","0.00","-98572.03","0.00","0.00","50000000.00","-4298759.04","LN","0.00","0.00","0.00","0.00","-4298759.04","0.00","-98572.03","0.00","0.00","0.00","0.00","0.00","0.00","","","","","","","0.00","0.00"
"646","347960","1050102","000104430000078","1","6/30/2026","571430.70","4928700.00","-58510.26","0.00","0.00","50000000.00","571430.70","LN","0.00","0.00","0.00","0.00","571430.70","4928700.00","-58510.26","0.00","0.00","0.00","0.00","0.00","0.00","","","","","","","0.00","0.00"
"647","351740","1050102","000104430000078","1","7/31/2026","5500130.70","4928700.00","0.00","0.00","0.00","50000000.00","5500130.70","LN","0.00","0.00","0.00","0.00","5500130.70","4928700.00","0.00","0.00","0.00","0.00","0.00","0.00","0.00","","","","","","","0.00","0.00"
"648","355505","1050102","000104430000078","1","8/31/2026","5500130.70","0.00","0.00","0.00","0.00","50000000.00","5500130.70","LN","0.00","0.00","0.00","0.00","5500130.70","0.00","0.00","0.00","0.00","0.00","0.00","0.00","0.00","","","","","","","0.00","0.00"
"649","257002","1050102","000104430000079","1","7/31/2025","-101928767.06","0.00","-101928767.06","0.00","0.00","100000000.00","-101928767.06","LN","0.00","0.00","0.00","0.00","-101928767.06","0.00","-101928767.06","0.00","0.00","0.00","0.00","0.00","0.00","0.00","0.00","0.00","0.00","0.00","0.00","0.00","0.00"
"650","260829","1050102","000104430000079","1","8/31/2025","-104706535.32","0.00","-2777768.26","0.00","0.00","100000000.00","-104706535.32","LN","0.00","0.00","0.00","0.00","-104706535.32","0.00","-2777768.26","0.00","0.00","0.00","0.00","0.00","0.00","","","","","","","0.00","0.00"
"651","268422","1050102","000104430000079","1","9/30/2025","-107463616.19","0.00","-2757080.87","0.00","0.00","100000000.00","-107463616.19","LN","0.00","0.00","0.00","0.00","-107463616.19","0.00","-2757080.87","0.00","0.00","0.00","0.00","0.00","0.00","","","","","","","0.00","0.00"
"652","289021","1050102","000104430000079","1","10/31/2025","-92895137.25","17099840.00","-2531361.06","0.00","0.00","100000000.00","-92895137.25","LN","0.00","0.00","0.00","0.00","-92895137.25","17099840.00","-2531361.06","0.00","0.00","0.00","0.00","0.00","0.00","","","","","","","0.00","0.00"
"653","292815","1050102","000104430000079","1","11/30/2025","-95338406.55","0.00","-2443269.30","0.00","0.00","100000000.00","-95338406.55","LN","0.00","0.00","0.00","0.00","-95338406.55","0.00","-2443269.30","0.00","0.00","0.00","0.00","0.00","0.00","","","","","","","0.00","0.00"
"654","325208","1050102","000104430000079","1","12/31/2025","-80953440.70","17099839.71","-2714873.86","0.00","0.00","100000000.00","-80953440.70","LN","0.00","0.00","0.00","0.00","-80953440.70","17099839.71","-2714873.86","0.00","0.00","0.00","0.00","0.00","0.00","","","","","","","0.00","0.00"
"655","329006","1050102","000104430000079","1","1/31/2026","-83174226.45","0.00","-2220785.75","0.00","0.00","100000000.00","-83174226.45","LN","0.00","0.00","0.00","0.00","-83174226.45","0.00","-2220785.75","0.00","0.00","0.00","0.00","0.00","0.00","","","","","","","0.00","0.00"
"656","332820","1050102","000104430000079","1","2/28/2026","-85200943.17","0.00","-2026716.72","0.00","0.00","100000000.00","-85200943.17","LN","0.00","0.00","0.00","0.00","-85200943.17","0.00","-2026716.72","0.00","0.00","0.00","0.00","0.00","0.00","","","","","","","0.00","0.00"
"657","336619","1050102","000104430000079","1","3/31/2026","-70234625.75","17099839.71","-2133522.29","0.00","0.00","100000000.00","-70234625.75","LN","0.00","0.00","0.00","0.00","-70234625.75","17099839.71","-2133522.29","0.00","0.00","0.00","0.00","0.00","0.00","","","","","","","0.00","0.00"
"658","340400","1050102","000104430000079","1","4/30/2026","-71897935.67","0.00","-1663309.92","0.00","0.00","100000000.00","-71897935.67","LN","0.00","0.00","0.00","0.00","-71897935.67","0.00","-1663309.92","0.00","0.00","0.00","0.00","0.00","0.00","","","","","","","0.00","0.00"
"659","344180","1050102","000104430000079","1","5/31/2026","-73585271.93","0.00","-1687336.26","0.00","0.00","100000000.00","-73585271.93","LN","0.00","0.00","0.00","0.00","-73585271.93","0.00","-1687336.26","0.00","0.00","0.00","0.00","0.00","0.00","","","","","","","0.00","0.00"
"660","347961","1050102","000104430000079","1","6/30/2026","-75243258.85","0.00","-1657986.92","0.00","0.00","100000000.00","-75243258.85","LN","0.00","0.00","0.00","0.00","-75243258.85","0.00","-1657986.92","0.00","0.00","0.00","0.00","0.00","0.00","","","","","","","0.00","0.00"
"661","351741","1050102","000104430000079","1","7/31/2026","-59604081.75","17099839.71","-1460662.61","0.00","0.00","100000000.00","-59604081.75","LN","0.00","0.00","0.00","0.00","-59604081.75","17099839.71","-1460662.61","0.00","0.00","0.00","0.00","0.00","0.00","","","","","","","0.00","0.00"
"662","355506","1050102","000104430000079","1","8/31/2026","-61009431.63","0.00","-1405349.88","0.00","0.00","100000000.00","-61009431.63","LN","0.00","0.00","0.00","0.00","-61009431.63","0.00","-1405349.88","0.00","0.00","0.00","0.00","0.00","0.00","","","","","","","0.00","0.00"
"663","257003","1050102","000104430000080","1","7/31/2025","-50406849.32","0.00","-50406849.32","0.00","0.00","50000000.00","-50406849.32","LN","0.00","0.00","0.00","0.00","-50406849.32","0.00","-50406849.32","0.00","0.00","0.00","0.00","0.00","0.00","0.00","0.00","0.00","0.00","0.00","0.00","0.00","0.00"
"664","260830","1050102","000104430000080","1","8/31/2025","-51823350.94","0.00","-1416501.62","0.00","0.00","50000000.00","-51823350.94","LN","0.00","0.00","0.00","0.00","-51823350.94","0.00","-1416501.62","0.00","0.00","0.00","0.00","0.00","0.00","","","","","","","0.00","0.00"
"665","268423","1050102","000104430000080","1","9/30/2025","-53230532.42","0.00","-1407181.48","0.00","0.00","50000000.00","-53230532.42","LN","0.00","0.00","0.00","0.00","-53230532.42","0.00","-1407181.48","0.00","0.00","0.00","0.00","0.00","0.00","","","","","","","0.00","0.00"
"666","289022","1050102","000104430000080","1","10/31/2025","-54714812.11","0.00","-1484279.69","0.00","0.00","50000000.00","-54714812.11","LN","0.00","0.00","0.00","0.00","-54714812.11","0.00","-1484279.69","0.00","0.00","0.00","0.00","0.00","0.00","","","","","","","0.00","0.00"
"667","292816","1050102","000104430000080","1","11/30/2025","-407012.05","55593973.00","-1286172.94","0.00","0.00","50000000.00","-407012.05","LN","0.00","0.00","0.00","0.00","-407012.05","55593973.00","-1286172.94","0.00","0.00","0.00","0.00","0.00","0.00","","","","","","","0.00","0.00"
"668","325209","1050102","000104430000080","1","12/31/2025","-407012.05","0.00","0.00","0.00","0.00","50000000.00","-407012.05","LN","0.00","0.00","0.00","0.00","-407012.05","0.00","0.00","0.00","0.00","0.00","0.00","0.00","0.00","","","","","","","0.00","0.00"
"669","329007","1050102","000104430000080","1","1/31/2026","-407012.05","0.00","0.00","0.00","0.00","50000000.00","-407012.05","LN","0.00","0.00","0.00","0.00","-407012.05","0.00","0.00","0.00","0.00","0.00","0.00","0.00","0.00","","","","","","","0.00","0.00"
"670","332821","1050102","000104430000080","1","2/28/2026","-407012.05","0.00","0.00","0.00","0.00","50000000.00","-407012.05","LN","0.00","0.00","0.00","0.00","-407012.05","0.00","0.00","0.00","0.00","0.00","0.00","0.00","0.00","","","","","","","0.00","0.00"
"671","336620","1050102","000104430000080","1","3/31/2026","-407012.05","0.00","0.00","0.00","0.00","50000000.00","-407012.05","LN","0.00","0.00","0.00","0.00","-407012.05","0.00","0.00","0.00","0.00","0.00","0.00","0.00","0.00","","","","","","","0.00","0.00"
"672","340401","1050102","000104430000080","1","4/30/2026","-407012.05","0.00","0.00","0.00","0.00","50000000.00","-407012.05","LN","0.00","0.00","0.00","0.00","-407012.05","0.00","0.00","0.00","0.00","0.00","0.00","0.00","0.00","","","","","","","0.00","0.00"
"673","344181","1050102","000104430000080","1","5/31/2026","-407012.05","0.00","0.00","0.00","0.00","50000000.00","-407012.05","LN","0.00","0.00","0.00","0.00","-407012.05","0.00","0.00","0.00","0.00","0.00","0.00","0.00","0.00","","","","","","","0.00","0.00"
"674","347962","1050102","000104430000080","1","6/30/2026","-407012.05","0.00","0.00","0.00","0.00","50000000.00","-407012.05","LN","0.00","0.00","0.00","0.00","-407012.05","0.00","0.00","0.00","0.00","0.00","0.00","0.00","0.00","","","","","","","0.00","0.00"
"675","351742","1050102","000104430000080","1","7/31/2026","-407012.05","0.00","0.00","0.00","0.00","50000000.00","-407012.05","LN","0.00","0.00","0.00","0.00","-407012.05","0.00","0.00","0.00","0.00","0.00","0.00","0.00","0.00","","","","","","","0.00","0.00"
"676","355507","1050102","000104430000080","1","8/31/2026","-407012.05","0.00","0.00","0.00","0.00","50000000.00","-407012.05","LN","0.00","0.00","0.00","0.00","-407012.05","0.00","0.00","0.00","0.00","0.00","0.00","0.00","0.00","","","","","","","0.00","0.00"
"677","257004","1050102","000104430000082","1","7/31/2025","-546575070.51","0.00","-546575070.51","0.00","0.00","1046111250.00","-546575070.51","LN","0.00","0.00","0.00","0.00","-546575070.51","0.00","-546575070.51","0.00","0.00","0.00","0.00","0.00","0.00","0.00","0.00","0.00","0.00","0.00","0.00","0.00","0.00"
"678","260831","1050102","000104430000082","1","8/31/2025","-561006149.84","0.00","-14431079.33","0.00","0.00","1046111250.00","-561006149.84","LN","0.00","0.00","0.00","0.00","-561006149.84","0.00","-14431079.33","0.00","0.00","0.00","0.00","0.00","0.00","","","","","","","0.00","0.00"
"679","268424","1050102","000104430000082","1","9/30/2025","-575317186.24","0.00","-14311036.40","0.00","0.00","1046111250.00","-575317186.24","LN","0.00","0.00","0.00","0.00","-575317186.24","0.00","-14311036.40","0.00","0.00","0.00","0.00","0.00","0.00","","","","","","","0.00","0.00"
"680","289023","1050102","000104430000082","1","10/31/2025","-496812240.16","93500000.00","-14995053.92","0.00","0.00","1046111250.00","-496812240.16","LN","0.00","0.00","0.00","0.00","-496812240.16","93500000.00","-14995053.92","0.00","0.00","0.00","0.00","0.00","0.00","","","","","","","0.00","0.00"
"681","292817","1050102","000104430000082","1","11/30/2025","-509470743.76","0.00","-12658503.60","0.00","0.00","1046111250.00","-509470743.76","LN","0.00","0.00","0.00","0.00","-509470743.76","0.00","-12658503.60","0.00","0.00","0.00","0.00","0.00","0.00","","","","","","","0.00","0.00"
"682","325210","1050102","000104430000082","1","12/31/2025","-523376871.20","0.00","-13906127.44","0.00","0.00","1046111250.00","-523376871.20","LN","0.00","0.00","0.00","0.00","-523376871.20","0.00","-13906127.44","0.00","0.00","0.00","0.00","0.00","0.00","","","","","","","0.00","0.00"
"683","329008","1050102","000104430000082","1","1/31/2026","-537245641.28","0.00","-13868770.08","0.00","0.00","1046111250.00","-537245641.28","LN","0.00","0.00","0.00","0.00","-537245641.28","0.00","-13868770.08","0.00","0.00","0.00","0.00","0.00","0.00","","","","","","","0.00","0.00"
"684","332822","1050102","000104430000082","1","2/28/2026","-549883425.17","0.00","-12637783.89","0.00","0.00","1046111250.00","-549883425.17","LN","0.00","0.00","0.00","0.00","-549883425.17","0.00","-12637783.89","0.00","0.00","0.00","0.00","0.00","0.00","","","","","","","0.00","0.00"
"685","336621","1050102","000104430000082","1","3/31/2026","-563317152.56","0.00","-13433727.39","0.00","0.00","1046111250.00","-563317152.56","LN","0.00","0.00","0.00","0.00","-563317152.56","0.00","-13433727.39","0.00","0.00","0.00","0.00","0.00","0.00","","","","","","","0.00","0.00"
"686","340402","1050102","000104430000082","1","4/30/2026","-576148437.01","0.00","-12831284.45","0.00","0.00","1046111250.00","-576148437.01","LN","0.00","0.00","0.00","0.00","-576148437.01","0.00","-12831284.45","0.00","0.00","0.00","0.00","0.00","0.00","","","","","","","0.00","0.00"
"687","344182","1050102","000104430000082","1","5/31/2026","-394341541.85","193107549.67","-11300654.51","0.00","0.00","1046111250.00","-394341541.85","LN","0.00","0.00","0.00","0.00","-394341541.85","193107549.67","-11300654.51","0.00","0.00","0.00","0.00","0.00","0.00","","","","","","","0.00","0.00"
"688","347963","1050102","000104430000082","1","6/30/2026","-570657624.67","0.00","-176316082.82","0.00","0.00","1046111250.00","-570657624.67","LN","0.00","0.00","0.00","0.00","-570657624.67","0.00","-176316082.82","0.00","0.00","0.00","0.00","0.00","0.00","","","","","","","0.00","0.00"
"689","351743","1050102","000104430000082","1","7/31/2026","-583449736.01","0.00","-12792111.34","0.00","0.00","1046111250.00","-583449736.01","LN","0.00","0.00","0.00","0.00","-583449736.01","0.00","-12792111.34","0.00","0.00","0.00","0.00","0.00","0.00","","","","","","","0.00","0.00"
"690","355508","1050102","000104430000082","1","8/31/2026","-596661275.97","0.00","-13211539.96","0.00","0.00","1046111250.00","-596661275.97","LN","0.00","0.00","0.00","0.00","-596661275.97","0.00","-13211539.96","0.00","0.00","0.00","0.00","0.00","0.00","","","","","","","0.00","0.00"
"691","260832","1050102","000104430000084","1","8/31/2025","-321319701.92","0.00","-321319701.92","0.00","0.00","314900900.00","-321319701.92","LN","0.00","0.00","0.00","0.00","-321319701.92","0.00","-321319701.92","0.00","0.00","0.00","0.00","0.00","0.00","","","","","","","0.00","0.00"
"692","268425","1050102","000104430000084","1","9/30/2025","-318881092.33","10440990.60","-8002381.01","0.00","0.00","314900900.00","-318881092.33","LN","0.00","0.00","0.00","0.00","-318881092.33","10440990.60","-8002381.01","0.00","0.00","0.00","0.00","0.00","0.00","","","","","","","0.00","0.00"
"693","289024","1050102","000104430000084","1","10/31/2025","-299571053.46","27172439.52","-7862400.65","0.00","0.00","314900900.00","-299571053.46","LN","0.00","0.00","0.00","0.00","-299571053.46","27172439.52","-7862400.65","0.00","0.00","0.00","0.00","0.00","0.00","","","","","","","0.00","0.00"
"694","292818","1050102","000104430000084","1","11/30/2025","-296684297.92","10442000.00","-7555244.46","0.00","0.00","314900900.00","-296684297.92","LN","0.00","0.00","0.00","0.00","-296684297.92","10442000.00","-7555244.46","0.00","0.00","0.00","0.00","0.00","0.00","","","","","","","0.00","0.00"
"695","325211","1050102","000104430000084","1","12/31/2025","-304864196.88","0.00","-8179898.96","0.00","0.00","314900900.00","-304864196.88","LN","0.00","0.00","0.00","0.00","-304864196.88","0.00","-8179898.96","0.00","0.00","0.00","0.00","0.00","0.00","","","","","","","0.00","0.00"
"696","329009","1050102","000104430000084","1","1/31/2026","-302323191.43","10440991.00","-7899985.55","0.00","0.00","314900900.00","-302323191.43","LN","0.00","0.00","0.00","0.00","-302323191.43","10440991.00","-7899985.55","0.00","0.00","0.00","0.00","0.00","0.00","","","","","","","0.00","0.00"
"697","332823","1050102","000104430000084","1","2/28/2026","-298897549.84","10440991.00","-7015349.41","0.00","0.00","314900900.00","-298897549.84","LN","0.00","0.00","0.00","0.00","-298897549.84","10440991.00","-7015349.41","0.00","0.00","0.00","0.00","0.00","0.00","","","","","","","0.00","0.00"
"698","336622","1050102","000104430000084","1","3/31/2026","-306199657.84","0.00","-7302108.00","0.00","0.00","314900900.00","-306199657.84","LN","0.00","0.00","0.00","0.00","-306199657.84","0.00","-7302108.00","0.00","0.00","0.00","0.00","0.00","0.00","","","","","","","0.00","0.00"
"699","340403","1050102","000104430000084","1","4/30/2026","-302702757.25","10440991.00","-6944090.41","0.00","0.00","314900900.00","-302702757.25","LN","0.00","0.00","0.00","0.00","-302702757.25","10440991.00","-6944090.41","0.00","0.00","0.00","0.00","0.00","0.00","","","","","","","0.00","0.00"
"700","344183","1050102","000104430000084","1","5/31/2026","-298991970.29","10441000.00","-6730213.04","0.00","0.00","314900900.00","-298991970.29","LN","0.00","0.00","0.00","0.00","-298991970.29","10441000.00","-6730213.04","0.00","0.00","0.00","0.00","0.00","0.00","","","","","","","0.00","0.00"
"701","347964","1050102","000104430000084","1","6/30/2026","-305458388.41","0.00","-6466418.12","0.00","0.00","314900900.00","-305458388.41","LN","0.00","0.00","0.00","0.00","-305458388.41","0.00","-6466418.12","0.00","0.00","0.00","0.00","0.00","0.00","","","","","","","0.00","0.00"
"702","351744","1050102","000104430000084","1","7/31/2026","-272016362.54","40000000.00","-6557974.13","0.00","0.00","314900900.00","-272016362.54","LN","0.00","0.00","0.00","0.00","-272016362.54","40000000.00","-6557974.13","0.00","0.00","0.00","0.00","0.00","0.00","","","","","","","0.00","0.00"
"703","355509","1050102","000104430000084","1","8/31/2026","-278175856.27","0.00","-6159493.73","0.00","0.00","314900900.00","-278175856.27","LN","0.00","0.00","0.00","0.00","-278175856.27","0.00","-6159493.73","0.00","0.00","0.00","0.00","0.00","0.00","","","","","","","0.00","0.00"
"704","260833","1050102","000104430000085","1","8/31/2025","-406281525.36","0.00","-406281525.36","0.00","0.00","1047653000.00","-406281525.36","LN","0.00","0.00","0.00","0.00","-406281525.36","0.00","-406281525.36","0.00","0.00","0.00","0.00","0.00","0.00","","","","","","","0.00","0.00"
"705","268426","1050102","000104430000085","1","9/30/2025","-294882583.94","120336595.30","-8937653.88","0.00","0.00","1047653000.00","-294882583.94","LN","0.00","0.00","0.00","0.00","-294882583.94","120336595.30","-8937653.88","0.00","0.00","0.00","0.00","0.00","0.00","","","","","","","0.00","0.00"
"706","289025","1050102","000104430000085","1","10/31/2025","-202539802.91","100263068.32","-7920287.29","0.00","0.00","1047653000.00","-202539802.91","LN","0.00","0.00","0.00","0.00","-202539802.91","100263068.32","-7920287.29","0.00","0.00","0.00","0.00","0.00","0.00","","","","","","","0.00","0.00"
"707","292819","1050102","000104430000085","1","11/30/2025","-421237198.02","137265325.20","-355962720.31","0.00","0.00","1047653000.00","-421237198.02","LN","0.00","0.00","0.00","0.00","-421237198.02","137265325.20","-355962720.31","0.00","0.00","0.00","0.00","0.00","0.00","","","","","","","0.00","0.00"
"708","325212","1050102","000104430000085","1","12/31/2025","-433293409.02","0.00","-12056211.00","0.00","0.00","1047653000.00","-433293409.02","LN","0.00","0.00","0.00","0.00","-433293409.02","0.00","-12056211.00","0.00","0.00","0.00","0.00","0.00","0.00","","","","","","","0.00","0.00"
"709","329010","1050102","000104430000085","1","1/31/2026","-193055096.97","252190500.00","-11952187.95","0.00","0.00","1047653000.00","-193055096.97","LN","0.00","0.00","0.00","0.00","-193055096.97","252190500.00","-11952187.95","0.00","0.00","0.00","0.00","0.00","0.00","","","","","","","0.00","0.00"
"710","332824","1050102","000104430000085","1","2/28/2026","-505099963.71","0.00","-312044866.74","0.00","0.00","1047653000.00","-505099963.71","LN","0.00","0.00","0.00","0.00","-505099963.71","0.00","-312044866.74","0.00","0.00","0.00","0.00","0.00","0.00","","","","","","","0.00","0.00"
"711","336623","1050102","000104430000085","1","3/31/2026","-518254704.22","0.00","-13154740.51","0.00","0.00","1047653000.00","-518254704.22","LN","0.00","0.00","0.00","0.00","-518254704.22","0.00","-13154740.51","0.00","0.00","0.00","0.00","0.00","0.00","","","","","","","0.00","0.00"
"712","340404","1050102","000104430000085","1","4/30/2026","-308048018.14","222646406.38","-12439720.30","0.00","0.00","1047653000.00","-308048018.14","LN","0.00","0.00","0.00","0.00","-308048018.14","222646406.38","-12439720.30","0.00","0.00","0.00","0.00","0.00","0.00","","","","","","","0.00","0.00"
"713","344184","1050102","000104430000085","1","5/31/2026","-315486744.87","0.00","-7438726.73","0.00","0.00","1047653000.00","-315486744.87","LN","0.00","0.00","0.00","0.00","-315486744.87","0.00","-7438726.73","0.00","0.00","0.00","0.00","0.00","0.00","","","","","","","0.00","0.00"
"714","347965","1050102","000104430000085","1","6/30/2026","-322802579.87","0.00","-7315835.00","0.00","0.00","1047653000.00","-322802579.87","LN","0.00","0.00","0.00","0.00","-322802579.87","0.00","-7315835.00","0.00","0.00","0.00","0.00","0.00","0.00","","","","","","","0.00","0.00"
"715","351745","1050102","000104430000085","1","7/31/2026","-130404501.65","200000000.00","-7601921.78","0.00","0.00","1047653000.00","-130404501.65","LN","0.00","0.00","0.00","0.00","-130404501.65","200000000.00","-7601921.78","0.00","0.00","0.00","0.00","0.00","0.00","","","","","","","0.00","0.00"
"716","355510","1050102","000104430000085","1","8/31/2026","-133567793.44","0.00","-3163291.79","0.00","0.00","1047653000.00","-133567793.44","LN","0.00","0.00","0.00","0.00","-133567793.44","0.00","-3163291.79","0.00","0.00","0.00","0.00","0.00","0.00","","","","","","","0.00","0.00"
"717","260834","1050102","000104430000086","1","8/31/2025","-110989331.50","0.00","-110989331.50","0.00","0.00","250000000.00","-110989331.50","LN","0.00","0.00","0.00","0.00","-110989331.50","0.00","-110989331.50","0.00","0.00","0.00","0.00","0.00","0.00","","","","","","","0.00","0.00"
"718","268427","1050102","000104430000086","1","9/30/2025","-113811501.28","0.00","-2822169.78","0.00","0.00","250000000.00","-113811501.28","LN","0.00","0.00","0.00","0.00","-113811501.28","0.00","-2822169.78","0.00","0.00","0.00","0.00","0.00","0.00","","","","","","","0.00","0.00"
"719","289026","1050102","000104430000086","1","10/31/2025","-257208659.15","0.00","-143397157.87","0.00","0.00","250000000.00","-257208659.15","LN","0.00","0.00","0.00","0.00","-257208659.15","0.00","-143397157.87","0.00","0.00","0.00","0.00","0.00","0.00","","","","","","","0.00","0.00"
"720","292820","1050102","000104430000086","1","11/30/2025","-263741054.45","0.00","-6532395.30","0.00","0.00","250000000.00","-263741054.45","LN","0.00","0.00","0.00","0.00","-263741054.45","0.00","-6532395.30","0.00","0.00","0.00","0.00","0.00","0.00","","","","","","","0.00","0.00"
"721","325213","1050102","000104430000086","1","12/31/2025","-270948590.75","0.00","-7207536.30","0.00","0.00","250000000.00","-270948590.75","LN","0.00","0.00","0.00","0.00","-270948590.75","0.00","-7207536.30","0.00","0.00","0.00","0.00","0.00","0.00","","","","","","","0.00","0.00"
"722","329011","1050102","000104430000086","1","1/31/2026","-273065615.85","5000000.00","-7117025.10","0.00","0.00","250000000.00","-273065615.85","LN","0.00","0.00","0.00","0.00","-273065615.85","5000000.00","-7117025.10","0.00","0.00","0.00","0.00","0.00","0.00","","","","","","","0.00","0.00"
"723","332825","1050102","000104430000086","1","2/28/2026","-279509964.46","0.00","-6444348.61","0.00","0.00","250000000.00","-279509964.46","LN","0.00","0.00","0.00","0.00","-279509964.46","0.00","-6444348.61","0.00","0.00","0.00","0.00","0.00","0.00","","","","","","","0.00","0.00"
"724","336624","1050102","000104430000086","1","3/31/2026","-286362170.49","0.00","-6852206.03","0.00","0.00","250000000.00","-286362170.49","LN","0.00","0.00","0.00","0.00","-286362170.49","0.00","-6852206.03","0.00","0.00","0.00","0.00","0.00","0.00","","","","","","","0.00","0.00"
"725","340405","1050102","000104430000086","1","4/30/2026","-257462406.01","35000000.00","-6100235.52","0.00","0.00","250000000.00","-257462406.01","LN","0.00","0.00","0.00","0.00","-257462406.01","35000000.00","-6100235.52","0.00","0.00","0.00","0.00","0.00","0.00","","","","","","","0.00","0.00"
"726","344185","1050102","000104430000086","1","5/31/2026","-263285994.10","0.00","-5823588.09","0.00","0.00","250000000.00","-263285994.10","LN","0.00","0.00","0.00","0.00","-263285994.10","0.00","-5823588.09","0.00","0.00","0.00","0.00","0.00","0.00","","","","","","","0.00","0.00"
"727","347966","1050102","000104430000086","1","6/30/2026","-269001824.74","0.00","-5715830.64","0.00","0.00","250000000.00","-269001824.74","LN","0.00","0.00","0.00","0.00","-269001824.74","0.00","-5715830.64","0.00","0.00","0.00","0.00","0.00","0.00","","","","","","","0.00","0.00"
"728","351746","1050102","000104430000086","1","7/31/2026","-263231600.63","11737913.12","-5967689.01","0.00","0.00","250000000.00","-263231600.63","LN","0.00","0.00","0.00","0.00","-263231600.63","11737913.12","-5967689.01","0.00","0.00","0.00","0.00","0.00","0.00","","","","","","","0.00","0.00"
"729","355511","1050102","000104430000086","1","8/31/2026","-269214530.33","0.00","-5982929.70","0.00","0.00","250000000.00","-269214530.33","LN","0.00","0.00","0.00","0.00","-269214530.33","0.00","-5982929.70","0.00","0.00","0.00","0.00","0.00","0.00","","","","","","","0.00","0.00"
"730","272189","1050102","000104430000087","1","8/31/2025","-100000000.00","0.00","-100000000.00","0.00","0.00","0.00","-100000000.00","LN","0.00","0.00","0.00","0.00","-100000000.00","0.00","-100000000.00","0.00","0.00","0.00","0.00","0.00","0.00","0.00","0.00","0.00","0.00","0.00","0.00","0.00","0.00"
"731","272190","1050102","000104430000087","1","9/30/2025","-209525498.90","0.00","-109525498.90","0.00","0.00","209336236.00","-209525498.90","LN","0.00","0.00","0.00","0.00","-209525498.90","0.00","-109525498.90","0.00","0.00","0.00","0.00","0.00","0.00","0.00","0.00","0.00","0.00","0.00","0.00","0.00","0.00"
"732","289027","1050102","000104430000087","1","10/31/2025","-215396926.55","0.00","-5871427.65","0.00","0.00","209336236.00","-215396926.55","LN","0.00","0.00","0.00","0.00","-215396926.55","0.00","-5871427.65","0.00","0.00","0.00","0.00","0.00","0.00","","","0.00","","","0.00","0.00","0.00"
"733","292821","1050102","000104430000087","1","11/30/2025","-217558842.45","3660500.00","-5822415.90","0.00","0.00","209336236.00","-217558842.45","LN","0.00","0.00","0.00","0.00","-217558842.45","3660500.00","-5822415.90","0.00","0.00","0.00","0.00","0.00","0.00","","","0.00","","","0.00","0.00","0.00"
"734","325214","1050102","000104430000087","1","12/31/2025","-222280864.49","9800000.00","-14522022.04","0.00","0.00","209336236.00","-222280864.49","LN","0.00","0.00","0.00","0.00","-222280864.49","9800000.00","-14522022.04","0.00","0.00","0.00","0.00","0.00","0.00","","","0.00","","","0.00","0.00","0.00"
"735","329012","1050102","000104430000087","1","1/31/2026","-217203313.62","11160500.00","-6082949.13","0.00","0.00","209336236.00","-217203313.62","LN","0.00","0.00","0.00","0.00","-217203313.62","11160500.00","-6082949.13","0.00","0.00","0.00","0.00","0.00","0.00","","","0.00","","","0.00","0.00","0.00"
"736","332826","1050102","000104430000087","1","2/28/2026","-218998775.95","3660500.00","-5455962.33","0.00","0.00","209336236.00","-218998775.95","LN","0.00","0.00","0.00","0.00","-218998775.95","3660500.00","-5455962.33","0.00","0.00","0.00","0.00","0.00","0.00","","","0.00","","","0.00","0.00","0.00"
"737","336625","1050102","000104430000087","1","3/31/2026","-217733713.71","7000000.00","-5734937.76","0.00","0.00","209336236.00","-217733713.71","LN","0.00","0.00","0.00","0.00","-217733713.71","7000000.00","-5734937.76","0.00","0.00","0.00","0.00","0.00","0.00","","","0.00","","","0.00","0.00","0.00"
"738","340406","1050102","000104430000087","1","4/30/2026","-223069084.52","0.00","-5335370.81","0.00","0.00","209336236.00","-223069084.52","LN","0.00","0.00","0.00","0.00","-223069084.52","0.00","-5335370.81","0.00","0.00","0.00","0.00","0.00","0.00","","","0.00","","","0.00","0.00","0.00"
"739","344186","1050102","000104430000087","1","5/31/2026","-228493635.75","0.00","-5424551.23","0.00","0.00","209336236.00","-228493635.75","LN","0.00","0.00","0.00","0.00","-228493635.75","0.00","-5424551.23","0.00","0.00","0.00","0.00","0.00","0.00","","","0.00","","","0.00","0.00","0.00"
"740","347967","1050102","000104430000087","1","6/30/2026","-233829744.69","0.00","-5336108.94","0.00","0.00","209336236.00","-233829744.69","LN","0.00","0.00","0.00","0.00","-233829744.69","0.00","-5336108.94","0.00","0.00","0.00","0.00","0.00","0.00","","","0.00","","","0.00","0.00","0.00"
"741","351747","1050102","000104430000087","1","7/31/2026","-232433767.02","7000000.00","-5604022.33","0.00","0.00","209336236.00","-232433767.02","LN","0.00","0.00","0.00","0.00","-232433767.02","7000000.00","-5604022.33","0.00","0.00","0.00","0.00","0.00","0.00","","","0.00","","","0.00","0.00","0.00"
"742","355512","1050102","000104430000087","1","8/31/2026","-238111518.87","0.00","-5677751.85","0.00","0.00","209336236.00","-238111518.87","LN","0.00","0.00","0.00","0.00","-238111518.87","0.00","-5677751.85","0.00","0.00","0.00","0.00","0.00","0.00","","","0.00","","","0.00","0.00","0.00"
"743","289028","1050102","000104430000089","1","10/31/2025","-300265479.45","0.00","-300265479.45","0.00","0.00","300000000.00","-300265479.45","LN","0.00","0.00","0.00","0.00","-300265479.45","0.00","-300265479.45","0.00","0.00","0.00","0.00","0.00","0.00","","","","","","","0.00","0.00"
"744","292822","1050102","000104430000089","1","11/30/2025","-308236910.85","0.00","-7971431.40","0.00","0.00","300000000.00","-308236910.85","LN","0.00","0.00","0.00","0.00","-308236910.85","0.00","-7971431.40","0.00","0.00","0.00","0.00","0.00","0.00","","","","","","","0.00","0.00"
"745","325215","1050102","000104430000089","1","12/31/2025","-316692735.90","0.00","-8455825.05","0.00","0.00","300000000.00","-316692735.90","LN","0.00","0.00","0.00","0.00","-316692735.90","0.00","-8455825.05","0.00","0.00","0.00","0.00","0.00","0.00","","","","","","","0.00","0.00"
"746","329013","1050102","000104430000089","1","1/31/2026","-325380528.68","0.00","-8687792.78","0.00","0.00","300000000.00","-325380528.68","LN","0.00","0.00","0.00","0.00","-325380528.68","0.00","-8687792.78","0.00","0.00","0.00","0.00","0.00","0.00","","","","","","","0.00","0.00"
"747","332827","1050102","000104430000089","1","2/28/2026","-333309116.12","0.00","-7928587.44","0.00","0.00","300000000.00","-333309116.12","LN","0.00","0.00","0.00","0.00","-333309116.12","0.00","-7928587.44","0.00","0.00","0.00","0.00","0.00","0.00","","","","","","","0.00","0.00"
"748","336626","1050102","000104430000089","1","3/31/2026","-341763296.28","0.00","-8454180.16","0.00","0.00","300000000.00","-341763296.28","LN","0.00","0.00","0.00","0.00","-341763296.28","0.00","-8454180.16","0.00","0.00","0.00","0.00","0.00","0.00","","","","","","","0.00","0.00"
"749","340407","1050102","000104430000089","1","4/30/2026","-349857000.18","0.00","-8093703.90","0.00","0.00","300000000.00","-349857000.18","LN","0.00","0.00","0.00","0.00","-349857000.18","0.00","-8093703.90","0.00","0.00","0.00","0.00","0.00","0.00","","","","","","","0.00","0.00"
"750","344187","1050102","000104430000089","1","5/31/2026","-343071285.61","14985000.00","-8199285.43","0.00","0.00","300000000.00","-343071285.61","LN","0.00","0.00","0.00","0.00","-343071285.61","14985000.00","-8199285.43","0.00","0.00","0.00","0.00","0.00","0.00","","","","","","","0.00","0.00"
"751","347968","1050102","000104430000089","1","6/30/2026","-350801198.51","0.00","-7729912.90","0.00","0.00","300000000.00","-350801198.51","LN","0.00","0.00","0.00","0.00","-350801198.51","0.00","-7729912.90","0.00","0.00","0.00","0.00","0.00","0.00","","","","","","","0.00","0.00"
"752","351748","1050102","000104430000089","1","7/31/2026","-345894701.48","13000000.00","-8093502.97","0.00","0.00","300000000.00","-345894701.48","LN","0.00","0.00","0.00","0.00","-345894701.48","13000000.00","-8093502.97","0.00","0.00","0.00","0.00","0.00","0.00","","","","","","","0.00","0.00"
"753","355513","1050102","000104430000089","1","8/31/2026","-333034240.75","21000000.00","-8139539.27","0.00","0.00","300000000.00","-333034240.75","LN","0.00","0.00","0.00","0.00","-333034240.75","21000000.00","-8139539.27","0.00","0.00","0.00","0.00","0.00","0.00","","","","","","","0.00","0.00"
"754","256069","1050201","000104450000012","1","7/31/2024","-12041809.63","900000.00","-12941809.63","0.00","0.00","11511500.00","-12041809.63","LN","0.00","0.00","0.00","0.00","-12041809.63","900000.00","-12941809.63","0.00","0.00","0.00","0.00","0.00","0.00","0.00","0.00","0.00","0.00","0.00","0.00","0.00","0.00"
"755","256070","1050201","000104450000012","1","8/31/2024","0.00","12041809.63","0.00","0.00","0.00","11511500.00","0.00","LN","0.00","0.00","0.00","0.00","0.00","12041809.63","0.00","0.00","0.00","0.00","0.00","0.00","0.00","0.00","0.00","0.00","0.00","0.00","0.00","0.00","0.00"
"756","256071","1050201","000104450000015","1","7/31/2024","-11104919.31","0.00","-11104919.31","0.00","0.00","10000000.00","-11104919.31","LN","0.00","0.00","0.00","0.00","-11104919.31","0.00","-11104919.31","0.00","0.00","0.00","0.00","0.00","0.00","0.00","0.00","0.00","0.00","0.00","0.00","0.00","0.00"
"757","256072","1050201","000104450000015","1","8/31/2024","-11199235.06","0.00","-94315.75","0.00","0.00","10000000.00","-11199235.06","LN","0.00","0.00","0.00","0.00","-11199235.06","0.00","-94315.75","0.00","0.00","0.00","0.00","0.00","0.00","0.00","0.00","0.00","0.00","0.00","0.00","0.00","0.00"
"758","256073","1050201","000104450000015","1","9/30/2024","-11291283.57","0.00","-92048.51","0.00","0.00","10000000.00","-11291283.57","LN","0.00","0.00","0.00","0.00","-11291283.57","0.00","-92048.51","0.00","0.00","0.00","0.00","0.00","0.00","0.00","0.00","0.00","0.00","0.00","0.00","0.00","0.00"
"759","256074","1050201","000104450000015","1","10/31/2024","-11387182.14","0.00","-95898.57","0.00","0.00","10000000.00","-11387182.14","LN","0.00","0.00","0.00","0.00","-11387182.14","0.00","-95898.57","0.00","0.00","0.00","0.00","0.00","0.00","0.00","0.00","0.00","0.00","0.00","0.00","0.00","0.00"
"760","256075","1050201","000104450000015","1","11/30/2024","-11480775.54","0.00","-93593.40","0.00","0.00","10000000.00","-11480775.54","LN","0.00","0.00","0.00","0.00","-11480775.54","0.00","-93593.40","0.00","0.00","0.00","0.00","0.00","0.00","0.00","0.00","0.00","0.00","0.00","0.00","0.00","0.00"
"761","256076","1050201","000104450000015","1","12/31/2024","-11581428.98","0.00","-100653.44","0.00","0.00","10000000.00","-11581428.98","LN","0.00","0.00","0.00","0.00","-11581428.98","0.00","-100653.44","0.00","0.00","0.00","0.00","0.00","0.00","0.00","0.00","0.00","0.00","0.00","0.00","0.00","0.00"
"762","256077","1050201","000104450000015","1","1/31/2025","-8581428.98","3000000.00","0.00","0.00","0.00","10000000.00","-8581428.98","LN","0.00","0.00","0.00","0.00","-8581428.98","3000000.00","0.00","0.00","0.00","0.00","0.00","0.00","0.00","0.00","0.00","0.00","0.00","0.00","0.00","0.00","0.00"
"763","256078","1050201","000104450000015","1","2/28/2025","-5735758.88","6000000.00","-3154329.90","0.00","0.00","10000000.00","-5735758.88","LN","0.00","0.00","0.00","0.00","-5735758.88","6000000.00","-3154329.90","0.00","0.00","0.00","0.00","0.00","0.00","0.00","0.00","0.00","0.00","0.00","0.00","0.00","0.00"
"764","256079","1050201","000104450000015","1","3/31/2025","-5784473.52","0.00","-48714.64","0.00","0.00","10000000.00","-5784473.52","LN","0.00","0.00","0.00","0.00","-5784473.52","0.00","-48714.64","0.00","0.00","0.00","0.00","0.00","0.00","0.00","0.00","0.00","0.00","0.00","0.00","0.00","0.00"
"765","256080","1050201","000104450000015","1","4/30/2025","-3827633.62","2000000.00","-43160.10","0.00","0.00","10000000.00","-3827633.62","LN","0.00","0.00","0.00","0.00","-3827633.62","2000000.00","-43160.10","0.00","0.00","0.00","0.00","0.00","0.00","0.00","0.00","0.00","0.00","0.00","0.00","0.00","0.00"
"766","317562","1050201","000104450000015","1","4/30/2025","-3827633.62","0.00","0.00","0.00","0.00","10000000.00","-3827633.62","LN","","","","","-3827633.62","0.00","0.00","0.00","0.00","","","","","0.00","0.00","0.00","0.00","0.00","0.00","0.00","0.00"
"767","317563","1050201","000104450000015","1","5/31/2025","-27303.21","0.00","-27303.21","0.00","0.00","10000000.00","-27303.21","LN","0.00","0.00","0.00","0.00","-27303.21","0.00","-27303.21","0.00","0.00","0.00","0.00","0.00","0.00","0.00","0.00","0.00","0.00","0.00","0.00","0.00","0.00"
"768","317564","1050201","000104450000015","1","6/30/2025","658534.33","700000.00","-14162.46","0.00","0.00","10000000.00","658534.33","LN","0.00","0.00","0.00","0.00","658534.33","700000.00","-14162.46","0.00","0.00","0.00","0.00","0.00","0.00","0.00","0.00","0.00","0.00","0.00","0.00","0.00","0.00"
"769","317565","1050201","000104450000015","1","7/31/2025","658534.33","0.00","0.00","0.00","0.00","10000000.00","658534.33","LN","0.00","0.00","0.00","0.00","658534.33","0.00","0.00","0.00","0.00","0.00","0.00","0.00","0.00","0.00","0.00","0.00","0.00","0.00","0.00","0.00","0.00"
"770","317566","1050201","000104450000015","1","8/31/2025","3053316.65","2394782.32","0.00","0.00","0.00","10000000.00","3053316.65","LN","0.00","0.00","0.00","0.00","3053316.65","2394782.32","0.00","0.00","0.00","0.00","0.00","0.00","0.00","0.00","0.00","0.00","0.00","0.00","0.00","0.00","0.00"
"771","317567","1050201","000104450000015","1","9/30/2025","3053316.65","0.00","0.00","0.00","0.00","10000000.00","3053316.65","LN","0.00","0.00","0.00","0.00","3053316.65","0.00","0.00","0.00","0.00","0.00","0.00","0.00","0.00","0.00","0.00","0.00","0.00","0.00","0.00","0.00","0.00"
"772","317568","1050201","000104450000015","1","10/31/2025","3053316.65","0.00","0.00","0.00","0.00","10000000.00","3053316.65","LN","0.00","0.00","0.00","0.00","3053316.65","0.00","0.00","0.00","0.00","0.00","0.00","0.00","0.00","0.00","0.00","0.00","0.00","0.00","0.00","0.00","0.00"
"773","317569","1050201","000104450000015","1","11/30/2025","3053316.65","0.00","0.00","0.00","0.00","10000000.00","3053316.65","LN","0.00","0.00","0.00","0.00","3053316.65","0.00","0.00","0.00","0.00","0.00","0.00","0.00","0.00","0.00","0.00","0.00","0.00","0.00","0.00","0.00","0.00"
"774","325216","1050201","000104450000015","1","12/31/2025","3053316.65","0.00","0.00","0.00","0.00","10000000.00","3053316.65","LN","0.00","0.00","0.00","0.00","3053316.65","0.00","0.00","0.00","0.00","0.00","0.00","0.00","0.00","-630839.57","-630839.57","13094782.32","0.00","0.00","0.00","0.00","0.00"
"775","329014","1050201","000104450000015","1","1/31/2026","3053316.65","0.00","0.00","0.00","0.00","10000000.00","3053316.65","LN","0.00","0.00","0.00","0.00","3053316.65","0.00","0.00","0.00","0.00","0.00","0.00","0.00","0.00","-630839.57","-630839.57","13094782.32","0.00","0.00","0.00","0.00","0.00"
"776","332828","1050201","000104450000015","1","2/28/2026","3053316.65","0.00","0.00","0.00","0.00","10000000.00","3053316.65","LN","0.00","0.00","0.00","0.00","3053316.65","0.00","0.00","0.00","0.00","0.00","0.00","0.00","0.00","-630839.57","-630839.57","13094782.32","0.00","0.00","0.00","0.00","0.00"
"777","336627","1050201","000104450000015","1","3/31/2026","3053316.65","0.00","0.00","0.00","0.00","10000000.00","3053316.65","LN","0.00","0.00","0.00","0.00","3053316.65","0.00","0.00","0.00","0.00","0.00","0.00","0.00","0.00","-630839.57","-630839.57","13094782.32","0.00","0.00","0.00","0.00","0.00"
"778","340408","1050201","000104450000015","1","4/30/2026","3053316.65","0.00","0.00","0.00","0.00","10000000.00","3053316.65","LN","0.00","0.00","0.00","0.00","3053316.65","0.00","0.00","0.00","0.00","0.00","0.00","0.00","0.00","-630839.57","-630839.57","13094782.32","0.00","0.00","0.00","0.00","0.00"
"779","344188","1050201","000104450000015","1","5/31/2026","3053316.65","0.00","0.00","0.00","0.00","10000000.00","3053316.65","LN","0.00","0.00","0.00","0.00","3053316.65","0.00","0.00","0.00","0.00","0.00","0.00","0.00","0.00","-630839.57","-630839.57","13094782.32","0.00","0.00","0.00","0.00","0.00"
"780","347969","1050201","000104450000015","1","6/30/2026","3053316.65","0.00","0.00","0.00","0.00","10000000.00","3053316.65","LN","0.00","0.00","0.00","0.00","3053316.65","0.00","0.00","0.00","0.00","0.00","0.00","0.00","0.00","-630839.57","-630839.57","13094782.32","0.00","0.00","0.00","0.00","0.00"
"781","351749","1050201","000104450000015","1","7/31/2026","3053316.65","0.00","0.00","0.00","0.00","10000000.00","3053316.65","LN","0.00","0.00","0.00","0.00","3053316.65","0.00","0.00","0.00","0.00","0.00","0.00","0.00","0.00","-630839.57","-630839.57","13094782.32","0.00","0.00","0.00","0.00","0.00"
"782","355514","1050201","000104450000015","1","8/31/2026","3053316.65","0.00","0.00","0.00","0.00","10000000.00","3053316.65","LN","0.00","0.00","0.00","0.00","3053316.65","0.00","0.00","0.00","0.00","0.00","0.00","0.00","0.00","-630839.57","-630839.57","13094782.32","0.00","0.00","0.00","0.00","0.00"
"783","256084","1050201","000104450000020","1","7/31/2024","-10013734.82","3000000.00","-13013734.82","0.00","0.00","12543063.04","-10013734.82","LN","0.00","0.00","0.00","0.00","-10013734.82","3000000.00","-13013734.82","0.00","0.00","0.00","0.00","0.00","0.00","0.00","0.00","0.00","0.00","0.00","0.00","0.00","0.00"
"784","256085","1050201","000104450000020","1","8/31/2024","-10098782.98","0.00","-85048.16","0.00","0.00","12543063.04","-10098782.98","LN","0.00","0.00","0.00","0.00","-10098782.98","0.00","-85048.16","0.00","0.00","0.00","0.00","0.00","0.00","0.00","0.00","0.00","0.00","0.00","0.00","0.00","0.00"
"785","256086","1050201","000104450000020","1","9/30/2024","-10181786.68","0.00","-83003.70","0.00","0.00","12543063.04","-10181786.68","LN","0.00","0.00","0.00","0.00","-10181786.68","0.00","-83003.70","0.00","0.00","0.00","0.00","0.00","0.00","0.00","0.00","0.00","0.00","0.00","0.00","0.00","0.00"
"786","256087","1050201","000104450000020","1","10/31/2024","-6954076.17","3296125.00","-68414.49","0.00","0.00","12543063.04","-6954076.17","LN","0.00","0.00","0.00","0.00","-6954076.17","3296125.00","-68414.49","0.00","0.00","0.00","0.00","0.00","0.00","0.00","0.00","0.00","0.00","0.00","0.00","0.00","0.00"
"787","256088","1050201","000104450000020","1","11/30/2024","-7011233.07","0.00","-57156.90","0.00","0.00","12543063.04","-7011233.07","LN","0.00","0.00","0.00","0.00","-7011233.07","0.00","-57156.90","0.00","0.00","0.00","0.00","0.00","0.00","0.00","0.00","0.00","0.00","0.00","0.00","0.00","0.00"
"788","256089","1050201","000104450000020","1","12/31/2024","-7072701.55","0.00","-61468.48","0.00","0.00","12543063.04","-7072701.55","LN","0.00","0.00","0.00","0.00","-7072701.55","0.00","-61468.48","0.00","0.00","0.00","0.00","0.00","0.00","0.00","0.00","0.00","0.00","0.00","0.00","0.00","0.00"
"789","256090","1050201","000104450000020","1","1/31/2025","-7072701.55","0.00","0.00","0.00","0.00","12543063.04","-7072701.55","LN","0.00","0.00","0.00","0.00","-7072701.55","0.00","0.00","0.00","0.00","0.00","0.00","0.00","0.00","0.00","0.00","0.00","0.00","0.00","0.00","0.00","0.00"
"790","256091","1050201","000104450000020","1","2/28/2025","-7187027.62","0.00","-114326.07","0.00","0.00","12543063.04","-7187027.62","LN","0.00","0.00","0.00","0.00","-7187027.62","0.00","-114326.07","0.00","0.00","0.00","0.00","0.00","0.00","0.00","0.00","0.00","0.00","0.00","0.00","0.00","0.00"
"791","256092","1050201","000104450000020","1","3/31/2025","-7248068.17","0.00","-61040.55","0.00","0.00","12543063.04","-7248068.17","LN","0.00","0.00","0.00","0.00","-7248068.17","0.00","-61040.55","0.00","0.00","0.00","0.00","0.00","0.00","0.00","0.00","0.00","0.00","0.00","0.00","0.00","0.00"
"792","256093","1050201","000104450000020","1","4/30/2025","-7307641.27","0.00","-59573.10","0.00","0.00","12543063.04","-7307641.27","LN","0.00","0.00","0.00","0.00","-7307641.27","0.00","-59573.10","0.00","0.00","0.00","0.00","0.00","0.00","0.00","0.00","0.00","0.00","0.00","0.00","0.00","0.00"
"793","256094","1050201","000104450000020","1","5/31/2025","-7369706.06","0.00","-62064.79","0.00","0.00","12543063.04","-7369706.06","LN","0.00","0.00","0.00","0.00","-7369706.06","0.00","-62064.79","0.00","0.00","0.00","0.00","0.00","0.00","0.00","0.00","0.00","0.00","0.00","0.00","0.00","0.00"
"794","256095","1050201","000104450000020","1","6/30/2025","-3659150.82","3767000.00","-56444.76","0.00","0.00","12543063.04","-3659150.82","LN","0.00","0.00","0.00","0.00","-3659150.82","3767000.00","-56444.76","0.00","0.00","0.00","0.00","0.00","0.00","0.00","0.00","0.00","0.00","0.00","0.00","0.00","0.00"
"795","256096","1050201","000104450000020","1","7/31/2025","-3690228.63","0.00","-31077.81","0.00","0.00","12543063.04","-3690228.63","LN","0.00","0.00","0.00","0.00","-3690228.63","0.00","-31077.81","0.00","0.00","0.00","0.00","0.00","0.00","0.00","0.00","0.00","0.00","0.00","0.00","0.00","0.00"
"796","260836","1050201","000104450000020","1","8/31/2025","-3721409.72","0.00","-31181.09","0.00","0.00","12543063.04","-3721409.72","LN","0.00","0.00","0.00","0.00","-3721409.72","0.00","-31181.09","0.00","0.00","0.00","0.00","0.00","0.00","-839526.50","-839526.50","10063125.00","0.00","0.00","0.00","0.00","0.00"
"797","268430","1050201","000104450000020","1","9/30/2025","-3751996.52","0.00","-30586.80","0.00","0.00","12543063.04","-3751996.52","LN","0.00","0.00","0.00","0.00","-3751996.52","0.00","-30586.80","0.00","0.00","0.00","0.00","0.00","0.00","-839526.50","-839526.50","10063125.00","0.00","0.00","0.00","0.00","0.00"
"798","289030","1050201","000104450000020","1","10/31/2025","-3783862.66","0.00","-31866.14","0.00","0.00","12543063.04","-3783862.66","LN","0.00","0.00","0.00","0.00","-3783862.66","0.00","-31866.14","0.00","0.00","0.00","0.00","0.00","0.00","-839526.50","-839526.50","10063125.00","0.00","0.00","0.00","0.00","0.00"
"799","292824","1050201","000104450000020","1","11/30/2025","-3814962.76","0.00","-31100.10","0.00","0.00","12543063.04","-3814962.76","LN","0.00","0.00","0.00","0.00","-3814962.76","0.00","-31100.10","0.00","0.00","0.00","0.00","0.00","0.00","-839526.50","-839526.50","10063125.00","0.00","0.00","0.00","0.00","0.00"
"800","325217","1050201","000104450000020","1","12/31/2025","-3814962.76","0.00","0.00","0.00","0.00","12543063.04","-3814962.76","LN","0.00","0.00","0.00","0.00","-3814962.76","0.00","0.00","0.00","0.00","0.00","0.00","0.00","0.00","-839526.50","-839526.50","10063125.00","0.00","0.00","0.00","0.00","0.00"
"801","329015","1050201","000104450000020","1","1/31/2026","-3814962.76","0.00","0.00","0.00","0.00","12543063.04","-3814962.76","LN","0.00","0.00","0.00","0.00","-3814962.76","0.00","0.00","0.00","0.00","0.00","0.00","0.00","0.00","-839526.50","-839526.50","10063125.00","0.00","0.00","0.00","0.00","0.00"
"802","332829","1050201","000104450000020","1","2/28/2026","-3814962.76","0.00","0.00","0.00","0.00","12543063.04","-3814962.76","LN","0.00","0.00","0.00","0.00","-3814962.76","0.00","0.00","0.00","0.00","0.00","0.00","0.00","0.00","-839526.50","-839526.50","10063125.00","0.00","0.00","0.00","0.00","0.00"
"803","336628","1050201","000104450000020","1","3/31/2026","-3814962.76","0.00","0.00","0.00","0.00","12543063.04","-3814962.76","LN","0.00","0.00","0.00","0.00","-3814962.76","0.00","0.00","0.00","0.00","0.00","0.00","0.00","0.00","-839526.50","-839526.50","10063125.00","0.00","0.00","0.00","0.00","0.00"
"804","340409","1050201","000104450000020","1","4/30/2026","-3814962.76","0.00","0.00","0.00","0.00","12543063.04","-3814962.76","LN","0.00","0.00","0.00","0.00","-3814962.76","0.00","0.00","0.00","0.00","0.00","0.00","0.00","0.00","-839526.50","-839526.50","10063125.00","0.00","0.00","0.00","0.00","0.00"
"805","344189","1050201","000104450000020","1","5/31/2026","-3814962.76","0.00","0.00","0.00","0.00","12543063.04","-3814962.76","LN","0.00","0.00","0.00","0.00","-3814962.76","0.00","0.00","0.00","0.00","0.00","0.00","0.00","0.00","-839526.50","-839526.50","10063125.00","0.00","0.00","0.00","0.00","0.00"
"806","347970","1050201","000104450000020","1","6/30/2026","0.00","3814962.76","0.00","0.00","0.00","12543063.04","0.00","LN","0.00","0.00","0.00","0.00","0.00","3814962.76","0.00","0.00","0.00","0.00","0.00","0.00","0.00","-839526.50","-839526.50","10063125.00","0.00","0.00","0.00","0.00","0.00"
"807","256097","1050201","000104450000022","1","7/31/2024","-11063037.37","3680000.00","-14743037.37","0.00","0.00","13270993.89","-11063037.37","LN","0.00","0.00","0.00","0.00","-11063037.37","3680000.00","-14743037.37","0.00","0.00","0.00","0.00","0.00","0.00","0.00","0.00","0.00","0.00","0.00","0.00","0.00","0.00"
"808","256098","1050201","000104450000022","1","8/31/2024","-10148778.24","1000000.00","-85740.87","0.00","0.00","13270993.89","-10148778.24","LN","0.00","0.00","0.00","0.00","-10148778.24","1000000.00","-85740.87","0.00","0.00","0.00","0.00","0.00","0.00","0.00","0.00","0.00","0.00","0.00","0.00","0.00","0.00"
"809","256099","1050201","000104450000022","1","9/30/2024","-10232192.86","0.00","-83414.62","0.00","0.00","13270993.89","-10232192.86","LN","0.00","0.00","0.00","0.00","-10232192.86","0.00","-83414.62","0.00","0.00","0.00","0.00","0.00","0.00","0.00","0.00","0.00","0.00","0.00","0.00","0.00","0.00"
"810","256100","1050201","000104450000022","1","10/31/2024","-10117945.74","200000.00","-85752.88","0.00","0.00","13270993.89","-10117945.74","LN","0.00","0.00","0.00","0.00","-10117945.74","200000.00","-85752.88","0.00","0.00","0.00","0.00","0.00","0.00","0.00","0.00","0.00","0.00","0.00","0.00","0.00","0.00"
"811","256101","1050201","000104450000022","1","11/30/2024","-10201106.94","0.00","-83161.20","0.00","0.00","13270993.89","-10201106.94","LN","0.00","0.00","0.00","0.00","-10201106.94","0.00","-83161.20","0.00","0.00","0.00","0.00","0.00","0.00","0.00","0.00","0.00","0.00","0.00","0.00","0.00","0.00"
"812","256102","1050201","000104450000022","1","12/31/2024","-10290541.18","0.00","-89434.24","0.00","0.00","13270993.89","-10290541.18","LN","0.00","0.00","0.00","0.00","-10290541.18","0.00","-89434.24","0.00","0.00","0.00","0.00","0.00","0.00","0.00","0.00","0.00","0.00","0.00","0.00","0.00","0.00"
"813","256103","1050201","000104450000022","1","1/31/2025","-9690541.18","600000.00","0.00","0.00","0.00","13270993.89","-9690541.18","LN","0.00","0.00","0.00","0.00","-9690541.18","600000.00","0.00","0.00","0.00","0.00","0.00","0.00","0.00","0.00","0.00","0.00","0.00","0.00","0.00","0.00","0.00"
"814","256104","1050201","000104450000022","1","2/28/2025","-8347593.78","1500000.00","-157052.60","0.00","0.00","13270993.89","-8347593.78","LN","0.00","0.00","0.00","0.00","-8347593.78","1500000.00","-157052.60","0.00","0.00","0.00","0.00","0.00","0.00","0.00","0.00","0.00","0.00","0.00","0.00","0.00","0.00"
"815","256105","1050201","000104450000022","1","3/31/2025","-7416573.30","1000000.00","-68979.52","0.00","0.00","13270993.89","-7416573.30","LN","0.00","0.00","0.00","0.00","-7416573.30","1000000.00","-68979.52","0.00","0.00","0.00","0.00","0.00","0.00","0.00","0.00","0.00","0.00","0.00","0.00","0.00","0.00"
"816","256106","1050201","000104450000022","1","4/30/2025","-7477531.50","0.00","-60958.20","0.00","0.00","13270993.89","-7477531.50","LN","0.00","0.00","0.00","0.00","-7477531.50","0.00","-60958.20","0.00","0.00","0.00","0.00","0.00","0.00","0.00","0.00","0.00","0.00","0.00","0.00","0.00","0.00"
"817","256107","1050201","000104450000022","1","5/31/2025","-7138847.54","400000.00","-61316.04","0.00","0.00","13270993.89","-7138847.54","LN","0.00","0.00","0.00","0.00","-7138847.54","400000.00","-61316.04","0.00","0.00","0.00","0.00","0.00","0.00","0.00","0.00","0.00","0.00","0.00","0.00","0.00","0.00"
"818","256108","1050201","000104450000022","1","6/30/2025","-7197523.04","0.00","-58675.50","0.00","0.00","13270993.89","-7197523.04","LN","0.00","0.00","0.00","0.00","-7197523.04","0.00","-58675.50","0.00","0.00","0.00","0.00","0.00","0.00","0.00","0.00","0.00","0.00","0.00","0.00","0.00","0.00"
"819","256109","1050201","000104450000022","1","7/31/2025","-6458433.39","800000.00","-60910.35","0.00","0.00","13270993.89","-6458433.39","LN","0.00","0.00","0.00","0.00","-6458433.39","800000.00","-60910.35","0.00","0.00","0.00","0.00","0.00","0.00","0.00","0.00","0.00","0.00","0.00","0.00","0.00","0.00"
"820","260837","1050201","000104450000022","1","8/31/2025","-6513026.64","0.00","-54593.25","0.00","0.00","13270993.89","-6513026.64","LN","0.00","0.00","0.00","0.00","-6513026.64","0.00","-54593.25","0.00","0.00","0.00","0.00","0.00","0.00","-871263.49","-871263.49","9180000.00","0.00","0.00","0.00","0.00","0.00"
"821","268431","1050201","000104450000022","1","9/30/2025","-6566558.34","0.00","-53531.70","0.00","0.00","13270993.89","-6566558.34","LN","0.00","0.00","0.00","0.00","-6566558.34","0.00","-53531.70","0.00","0.00","0.00","0.00","0.00","0.00","-871263.49","-871263.49","9180000.00","0.00","0.00","0.00","0.00","0.00"
"822","289031","1050201","000104450000022","1","10/31/2025","-6622329.20","0.00","-55770.86","0.00","0.00","13270993.89","-6622329.20","LN","0.00","0.00","0.00","0.00","-6622329.20","0.00","-55770.86","0.00","0.00","0.00","0.00","0.00","0.00","-871263.49","-871263.49","9180000.00","0.00","0.00","0.00","0.00","0.00"
"823","292825","1050201","000104450000022","1","11/30/2025","-6676759.40","0.00","-54430.20","0.00","0.00","13270993.89","-6676759.40","LN","0.00","0.00","0.00","0.00","-6676759.40","0.00","-54430.20","0.00","0.00","0.00","0.00","0.00","0.00","-871263.49","-871263.49","9180000.00","0.00","0.00","0.00","0.00","0.00"
"824","325218","1050201","000104450000022","1","12/31/2025","-6676759.40","0.00","0.00","0.00","0.00","13270993.89","-6676759.40","LN","0.00","0.00","0.00","0.00","-6676759.40","0.00","0.00","0.00","0.00","0.00","0.00","0.00","0.00","-871263.49","-871263.49","9180000.00","0.00","0.00","0.00","0.00","0.00"
"825","329016","1050201","000104450000022","1","1/31/2026","-6676759.40","0.00","0.00","0.00","0.00","13270993.89","-6676759.40","LN","0.00","0.00","0.00","0.00","-6676759.40","0.00","0.00","0.00","0.00","0.00","0.00","0.00","0.00","-871263.49","-871263.49","9180000.00","0.00","0.00","0.00","0.00","0.00"
"826","332830","1050201","000104450000022","1","2/28/2026","-6676759.40","0.00","0.00","0.00","0.00","13270993.89","-6676759.40","LN","0.00","0.00","0.00","0.00","-6676759.40","0.00","0.00","0.00","0.00","0.00","0.00","0.00","0.00","-871263.49","-871263.49","9180000.00","0.00","0.00","0.00","0.00","0.00"
"827","336629","1050201","000104450000022","1","3/31/2026","-6676759.40","0.00","0.00","0.00","0.00","13270993.89","-6676759.40","LN","0.00","0.00","0.00","0.00","-6676759.40","0.00","0.00","0.00","0.00","0.00","0.00","0.00","0.00","-871263.49","-871263.49","9180000.00","0.00","0.00","0.00","0.00","0.00"
"828","340410","1050201","000104450000022","1","4/30/2026","-6676759.40","0.00","0.00","0.00","0.00","13270993.89","-6676759.40","LN","0.00","0.00","0.00","0.00","-6676759.40","0.00","0.00","0.00","0.00","0.00","0.00","0.00","0.00","-871263.49","-871263.49","9180000.00","0.00","0.00","0.00","0.00","0.00"
"829","344190","1050201","000104450000022","1","5/31/2026","-6676759.40","0.00","0.00","0.00","0.00","13270993.89","-6676759.40","LN","0.00","0.00","0.00","0.00","-6676759.40","0.00","0.00","0.00","0.00","0.00","0.00","0.00","0.00","-871263.49","-871263.49","9180000.00","0.00","0.00","0.00","0.00","0.00"
"830","347971","1050201","000104450000022","1","6/30/2026","0.00","6676759.40","0.00","0.00","0.00","13270993.89","0.00","LN","0.00","0.00","0.00","0.00","0.00","6676759.40","0.00","0.00","0.00","0.00","0.00","0.00","0.00","-871263.49","-871263.49","9180000.00","0.00","0.00","0.00","0.00","0.00"
"831","256110","1050201","000104450000023","1","7/31/2024","-9236481.81","19111204.66","-28347686.47","0.00","0.00","24600000.00","-9236481.81","LN","0.00","0.00","0.00","0.00","-9236481.81","19111204.66","-28347686.47","0.00","0.00","0.00","0.00","0.00","0.00","0.00","0.00","0.00","0.00","0.00","0.00","0.00","0.00"
"832","256111","1050201","000104450000023","1","8/31/2024","-9314928.64","0.00","-78446.83","0.00","0.00","24600000.00","-9314928.64","LN","0.00","0.00","0.00","0.00","-9314928.64","0.00","-78446.83","0.00","0.00","0.00","0.00","0.00","0.00","0.00","0.00","0.00","0.00","0.00","0.00","0.00","0.00"
"833","256112","1050201","000104450000023","1","9/30/2024","-9391489.70","0.00","-76561.06","0.00","0.00","24600000.00","-9391489.70","LN","0.00","0.00","0.00","0.00","-9391489.70","0.00","-76561.06","0.00","0.00","0.00","0.00","0.00","0.00","0.00","0.00","0.00","0.00","0.00","0.00","0.00","0.00"
"834","256113","1050201","000104450000023","1","10/31/2024","-9471253.04","0.00","-79763.34","0.00","0.00","24600000.00","-9471253.04","LN","0.00","0.00","0.00","0.00","-9471253.04","0.00","-79763.34","0.00","0.00","0.00","0.00","0.00","0.00","0.00","0.00","0.00","0.00","0.00","0.00","0.00","0.00"
"835","256114","1050201","000104450000023","1","11/30/2024","-9549098.84","0.00","-77845.80","0.00","0.00","24600000.00","-9549098.84","LN","0.00","0.00","0.00","0.00","-9549098.84","0.00","-77845.80","0.00","0.00","0.00","0.00","0.00","0.00","0.00","0.00","0.00","0.00","0.00","0.00","0.00","0.00"
"836","256115","1050201","000104450000023","1","12/31/2024","-9632816.92","0.00","-83718.08","0.00","0.00","24600000.00","-9632816.92","LN","0.00","0.00","0.00","0.00","-9632816.92","0.00","-83718.08","0.00","0.00","0.00","0.00","0.00","0.00","0.00","0.00","0.00","0.00","0.00","0.00","0.00","0.00"
"837","256116","1050201","000104450000023","1","1/31/2025","-9632816.92","0.00","0.00","0.00","0.00","24600000.00","-9632816.92","LN","0.00","0.00","0.00","0.00","-9632816.92","0.00","0.00","0.00","0.00","0.00","0.00","0.00","0.00","0.00","0.00","0.00","0.00","0.00","0.00","0.00","0.00"
"838","256117","1050201","000104450000023","1","2/28/2025","-9788525.59","0.00","-155708.67","0.00","0.00","24600000.00","-9788525.59","LN","0.00","0.00","0.00","0.00","-9788525.59","0.00","-155708.67","0.00","0.00","0.00","0.00","0.00","0.00","0.00","0.00","0.00","0.00","0.00","0.00","0.00","0.00"
"839","256118","1050201","000104450000023","1","3/31/2025","-9871661.08","0.00","-83135.49","0.00","0.00","24600000.00","-9871661.08","LN","0.00","0.00","0.00","0.00","-9871661.08","0.00","-83135.49","0.00","0.00","0.00","0.00","0.00","0.00","0.00","0.00","0.00","0.00","0.00","0.00","0.00","0.00"
"840","256119","1050201","000104450000023","1","4/30/2025","-9952797.88","0.00","-81136.80","0.00","0.00","24600000.00","-9952797.88","LN","0.00","0.00","0.00","0.00","-9952797.88","0.00","-81136.80","0.00","0.00","0.00","0.00","0.00","0.00","0.00","0.00","0.00","0.00","0.00","0.00","0.00","0.00"
"841","256120","1050201","000104450000023","1","5/31/2025","-516006.76","9518713.75","-81922.63","0.00","0.00","24600000.00","-516006.76","LN","0.00","0.00","0.00","0.00","-516006.76","9518713.75","-81922.63","0.00","0.00","0.00","0.00","0.00","0.00","0.00","0.00","0.00","0.00","0.00","0.00","0.00","0.00"
"842","256121","1050201","000104450000023","1","6/30/2025","-520247.86","0.00","-4241.10","0.00","0.00","24600000.00","-520247.86","LN","0.00","0.00","0.00","0.00","-520247.86","0.00","-4241.10","0.00","0.00","0.00","0.00","0.00","0.00","0.00","0.00","0.00","0.00","0.00","0.00","0.00","0.00"
"843","256122","1050201","000104450000023","1","7/31/2025","-524666.29","0.00","-4418.43","0.00","0.00","24600000.00","-524666.29","LN","0.00","0.00","0.00","0.00","-524666.29","0.00","-4418.43","0.00","0.00","0.00","0.00","0.00","0.00","0.00","0.00","0.00","0.00","0.00","0.00","0.00","0.00"
"844","260838","1050201","000104450000023","1","8/31/2025","-529017.84","0.00","-4351.55","0.00","0.00","24600000.00","-529017.84","LN","0.00","0.00","0.00","0.00","-529017.84","0.00","-4351.55","0.00","0.00","0.00","0.00","0.00","0.00","-846817.25","-846817.25","28629918.41","0.00","0.00","0.00","0.00","0.00"
"845","268432","1050201","000104450000023","1","9/30/2025","-533366.04","0.00","-4348.20","0.00","0.00","24600000.00","-533366.04","LN","0.00","0.00","0.00","0.00","-533366.04","0.00","-4348.20","0.00","0.00","0.00","0.00","0.00","0.00","-846817.25","-846817.25","28629918.41","0.00","0.00","0.00","0.00","0.00"
"846","289032","1050201","000104450000023","1","10/31/2025","-537896.07","0.00","-4530.03","0.00","0.00","24600000.00","-537896.07","LN","0.00","0.00","0.00","0.00","-537896.07","0.00","-4530.03","0.00","0.00","0.00","0.00","0.00","0.00","-846817.25","-846817.25","28629918.41","0.00","0.00","0.00","0.00","0.00"
"847","292826","1050201","000104450000023","1","11/30/2025","-542317.17","0.00","-4421.10","0.00","0.00","24600000.00","-542317.17","LN","0.00","0.00","0.00","0.00","-542317.17","0.00","-4421.10","0.00","0.00","0.00","0.00","0.00","0.00","-846817.25","-846817.25","28629918.41","0.00","0.00","0.00","0.00","0.00"
"848","325219","1050201","000104450000023","1","12/31/2025","-542317.17","0.00","0.00","0.00","0.00","24600000.00","-542317.17","LN","0.00","0.00","0.00","0.00","-542317.17","0.00","0.00","0.00","0.00","0.00","0.00","0.00","0.00","-846817.25","-846817.25","28629918.41","0.00","0.00","0.00","0.00","0.00"
"849","329017","1050201","000104450000023","1","1/31/2026","-542317.17","0.00","0.00","0.00","0.00","24600000.00","-542317.17","LN","0.00","0.00","0.00","0.00","-542317.17","0.00","0.00","0.00","0.00","0.00","0.00","0.00","0.00","-846817.25","-846817.25","28629918.41","0.00","0.00","0.00","0.00","0.00"
"850","332831","1050201","000104450000023","1","2/28/2026","-542317.17","0.00","0.00","0.00","0.00","24600000.00","-542317.17","LN","0.00","0.00","0.00","0.00","-542317.17","0.00","0.00","0.00","0.00","0.00","0.00","0.00","0.00","-846817.25","-846817.25","28629918.41","0.00","0.00","0.00","0.00","0.00"
"851","336630","1050201","000104450000023","1","3/31/2026","-542317.17","0.00","0.00","0.00","0.00","24600000.00","-542317.17","LN","0.00","0.00","0.00","0.00","-542317.17","0.00","0.00","0.00","0.00","0.00","0.00","0.00","0.00","-846817.25","-846817.25","28629918.41","0.00","0.00","0.00","0.00","0.00"
"852","340411","1050201","000104450000023","1","4/30/2026","-542317.17","0.00","0.00","0.00","0.00","24600000.00","-542317.17","LN","0.00","0.00","0.00","0.00","-542317.17","0.00","0.00","0.00","0.00","0.00","0.00","0.00","0.00","-846817.25","-846817.25","28629918.41","0.00","0.00","0.00","0.00","0.00"
"853","344191","1050201","000104450000023","1","5/31/2026","-542317.17","0.00","0.00","0.00","0.00","24600000.00","-542317.17","LN","0.00","0.00","0.00","0.00","-542317.17","0.00","0.00","0.00","0.00","0.00","0.00","0.00","0.00","-846817.25","-846817.25","28629918.41","0.00","0.00","0.00","0.00","0.00"
"854","347972","1050201","000104450000023","1","6/30/2026","0.00","542317.17","0.00","0.00","0.00","24600000.00","0.00","LN","0.00","0.00","0.00","0.00","0.00","542317.17","0.00","0.00","0.00","0.00","0.00","0.00","0.00","-846817.25","-846817.25","28629918.41","0.00","0.00","0.00","0.00","0.00"
"855","256123","1050201","000104450000030","1","7/31/2024","-1281609.36","12568000.00","-13849609.36","0.00","0.00","12000000.00","-1281609.36","LN","0.00","0.00","0.00","0.00","-1281609.36","12568000.00","-13849609.36","0.00","0.00","0.00","0.00","0.00","0.00","0.00","0.00","0.00","0.00","0.00","0.00","0.00","0.00"
"856","256124","1050201","000104450000030","1","8/31/2024","-1292494.26","0.00","-10884.90","0.00","0.00","12000000.00","-1292494.26","LN","0.00","0.00","0.00","0.00","-1292494.26","0.00","-10884.90","0.00","0.00","0.00","0.00","0.00","0.00","0.00","0.00","0.00","0.00","0.00","0.00","0.00","0.00"
"857","256125","1050201","000104450000030","1","9/30/2024","-1346.96","1300000.00","-8852.70","0.00","0.00","12000000.00","-1346.96","LN","0.00","0.00","0.00","0.00","-1346.96","1300000.00","-8852.70","0.00","0.00","0.00","0.00","0.00","0.00","0.00","0.00","0.00","0.00","0.00","0.00","0.00","0.00"
"858","256126","1050201","000104450000030","1","10/31/2024","-1358.40","0.00","-11.44","0.00","0.00","12000000.00","-1358.40","LN","0.00","0.00","0.00","0.00","-1358.40","0.00","-11.44","0.00","0.00","0.00","0.00","0.00","0.00","0.00","0.00","0.00","0.00","0.00","0.00","0.00","0.00"
"859","256127","1050201","000104450000030","1","11/30/2024","-1369.50","0.00","-11.10","0.00","0.00","12000000.00","-1369.50","LN","0.00","0.00","0.00","0.00","-1369.50","0.00","-11.10","0.00","0.00","0.00","0.00","0.00","0.00","0.00","0.00","0.00","0.00","0.00","0.00","0.00","0.00"
"860","256128","1050201","000104450000030","1","12/31/2024","-1381.66","0.00","-12.16","0.00","0.00","12000000.00","-1381.66","LN","0.00","0.00","0.00","0.00","-1381.66","0.00","-12.16","0.00","0.00","0.00","0.00","0.00","0.00","0.00","0.00","0.00","0.00","0.00","0.00","0.00","0.00"
"861","256129","1050201","000104450000030","1","1/31/2025","-1381.66","0.00","0.00","0.00","0.00","12000000.00","-1381.66","LN","0.00","0.00","0.00","0.00","-1381.66","0.00","0.00","0.00","0.00","0.00","0.00","0.00","0.00","0.00","0.00","0.00","0.00","0.00","0.00","0.00","0.00"
"862","256130","1050201","000104450000030","1","2/28/2025","-1404.08","0.00","-22.42","0.00","0.00","12000000.00","-1404.08","LN","0.00","0.00","0.00","0.00","-1404.08","0.00","-22.42","0.00","0.00","0.00","0.00","0.00","0.00","0.00","0.00","0.00","0.00","0.00","0.00","0.00","0.00"
"863","256131","1050201","000104450000030","1","3/31/2025","-1415.86","0.00","-11.78","0.00","0.00","12000000.00","-1415.86","LN","0.00","0.00","0.00","0.00","-1415.86","0.00","-11.78","0.00","0.00","0.00","0.00","0.00","0.00","0.00","0.00","0.00","0.00","0.00","0.00","0.00","0.00"
"864","256132","1050201","000104450000030","1","4/30/2025","-1427.56","0.00","-11.70","0.00","0.00","12000000.00","-1427.56","LN","0.00","0.00","0.00","0.00","-1427.56","0.00","-11.70","0.00","0.00","0.00","0.00","0.00","0.00","0.00","0.00","0.00","0.00","0.00","0.00","0.00","0.00"
"865","256133","1050201","000104450000030","1","5/31/2025","-1439.65","0.00","-12.09","0.00","0.00","12000000.00","-1439.65","LN","0.00","0.00","0.00","0.00","-1439.65","0.00","-12.09","0.00","0.00","0.00","0.00","0.00","0.00","0.00","0.00","0.00","0.00","0.00","0.00","0.00","0.00"
"866","256134","1050201","000104450000030","1","6/30/2025","-1451.35","0.00","-11.70","0.00","0.00","12000000.00","-1451.35","LN","0.00","0.00","0.00","0.00","-1451.35","0.00","-11.70","0.00","0.00","0.00","0.00","0.00","0.00","0.00","0.00","0.00","0.00","0.00","0.00","0.00","0.00"
"867","256135","1050201","000104450000030","1","7/31/2025","-1463.75","0.00","-12.40","0.00","0.00","12000000.00","-1463.75","LN","0.00","0.00","0.00","0.00","-1463.75","0.00","-12.40","0.00","0.00","0.00","0.00","0.00","0.00","0.00","0.00","0.00","0.00","0.00","0.00","0.00","0.00"
"868","260839","1050201","000104450000030","1","8/31/2025","-1476.11","0.00","-12.36","0.00","0.00","12000000.00","-1476.11","LN","0.00","0.00","0.00","0.00","-1476.11","0.00","-12.36","0.00","0.00","0.00","0.00","0.00","0.00","-121690.04","-121690.04","13868000.00","0.00","0.00","0.00","0.00","0.00"
"869","268433","1050201","000104450000030","1","9/30/2025","-1488.11","0.00","-12.00","0.00","0.00","12000000.00","-1488.11","LN","0.00","0.00","0.00","0.00","-1488.11","0.00","-12.00","0.00","0.00","0.00","0.00","0.00","0.00","-121690.04","-121690.04","13868000.00","0.00","0.00","0.00","0.00","0.00"
"870","289033","1050201","000104450000030","1","10/31/2025","-1500.82","0.00","-12.71","0.00","0.00","12000000.00","-1500.82","LN","0.00","0.00","0.00","0.00","-1500.82","0.00","-12.71","0.00","0.00","0.00","0.00","0.00","0.00","-121690.04","-121690.04","13868000.00","0.00","0.00","0.00","0.00","0.00"
"871","292827","1050201","000104450000030","1","11/30/2025","-1513.12","0.00","-12.30","0.00","0.00","12000000.00","-1513.12","LN","0.00","0.00","0.00","0.00","-1513.12","0.00","-12.30","0.00","0.00","0.00","0.00","0.00","0.00","-121690.04","-121690.04","13868000.00","0.00","0.00","0.00","0.00","0.00"
"872","325220","1050201","000104450000030","1","12/31/2025","-1513.12","0.00","0.00","0.00","0.00","12000000.00","-1513.12","LN","0.00","0.00","0.00","0.00","-1513.12","0.00","0.00","0.00","0.00","0.00","0.00","0.00","0.00","-121690.04","-121690.04","13868000.00","0.00","0.00","0.00","0.00","0.00"
"873","329018","1050201","000104450000030","1","1/31/2026","-1513.12","0.00","0.00","0.00","0.00","12000000.00","-1513.12","LN","0.00","0.00","0.00","0.00","-1513.12","0.00","0.00","0.00","0.00","0.00","0.00","0.00","0.00","-121690.04","-121690.04","13868000.00","0.00","0.00","0.00","0.00","0.00"
"874","332832","1050201","000104450000030","1","2/28/2026","-1513.12","0.00","0.00","0.00","0.00","12000000.00","-1513.12","LN","0.00","0.00","0.00","0.00","-1513.12","0.00","0.00","0.00","0.00","0.00","0.00","0.00","0.00","-121690.04","-121690.04","13868000.00","0.00","0.00","0.00","0.00","0.00"
"875","336631","1050201","000104450000030","1","3/31/2026","-1513.12","0.00","0.00","0.00","0.00","12000000.00","-1513.12","LN","0.00","0.00","0.00","0.00","-1513.12","0.00","0.00","0.00","0.00","0.00","0.00","0.00","0.00","-121690.04","-121690.04","13868000.00","0.00","0.00","0.00","0.00","0.00"
"876","340412","1050201","000104450000030","1","4/30/2026","-1513.12","0.00","0.00","0.00","0.00","12000000.00","-1513.12","LN","0.00","0.00","0.00","0.00","-1513.12","0.00","0.00","0.00","0.00","0.00","0.00","0.00","0.00","-121690.04","-121690.04","13868000.00","0.00","0.00","0.00","0.00","0.00"
"877","344192","1050201","000104450000030","1","5/31/2026","-1513.12","0.00","0.00","0.00","0.00","12000000.00","-1513.12","LN","0.00","0.00","0.00","0.00","-1513.12","0.00","0.00","0.00","0.00","0.00","0.00","0.00","0.00","-121690.04","-121690.04","13868000.00","0.00","0.00","0.00","0.00","0.00"
"878","347973","1050201","000104450000030","1","6/30/2026","-1513.12","0.00","0.00","0.00","0.00","12000000.00","-1513.12","LN","0.00","0.00","0.00","0.00","-1513.12","0.00","0.00","0.00","0.00","0.00","0.00","0.00","0.00","-121690.04","-121690.04","13868000.00","0.00","0.00","0.00","0.00","0.00"
"879","351750","1050201","000104450000030","1","7/31/2026","-1513.12","0.00","0.00","0.00","0.00","12000000.00","-1513.12","LN","0.00","0.00","0.00","0.00","-1513.12","0.00","0.00","0.00","0.00","0.00","0.00","0.00","0.00","-121690.04","-121690.04","13868000.00","0.00","0.00","0.00","0.00","0.00"
"880","355515","1050201","000104450000030","1","8/31/2026","-1513.12","0.00","0.00","0.00","0.00","12000000.00","-1513.12","LN","0.00","0.00","0.00","0.00","-1513.12","0.00","0.00","0.00","0.00","0.00","0.00","0.00","0.00","-121690.04","-121690.04","13868000.00","0.00","0.00","0.00","0.00","0.00"
"881","256136","1050201","000104450000033","1","7/31/2024","-3011416.93","10471232.60","-13482649.53","0.00","0.00","12000000.00","-3011416.93","LN","0.00","0.00","0.00","0.00","-3011416.93","10471232.60","-13482649.53","0.00","0.00","0.00","0.00","0.00","0.00","0.00","0.00","0.00","0.00","0.00","0.00","0.00","0.00"
"882","256137","1050201","000104450000033","1","8/31/2024","83.07","3011500.00","0.00","0.00","0.00","12000000.00","83.07","LN","0.00","0.00","0.00","0.00","83.07","3011500.00","0.00","0.00","0.00","0.00","0.00","0.00","0.00","0.00","0.00","0.00","0.00","0.00","0.00","0.00","0.00"
"883","256138","1050201","000104450000033","1","9/30/2024","83.07","0.00","0.00","0.00","0.00","12000000.00","83.07","LN","0.00","0.00","0.00","0.00","83.07","0.00","0.00","0.00","0.00","0.00","0.00","0.00","0.00","0.00","0.00","0.00","0.00","0.00","0.00","0.00","0.00"
"884","256139","1050201","000104450000033","1","10/31/2024","83.07","0.00","0.00","0.00","0.00","12000000.00","83.07","LN","0.00","0.00","0.00","0.00","83.07","0.00","0.00","0.00","0.00","0.00","0.00","0.00","0.00","0.00","0.00","0.00","0.00","0.00","0.00","0.00","0.00"
"885","256140","1050201","000104450000033","1","11/30/2024","83.07","0.00","0.00","0.00","0.00","12000000.00","83.07","LN","0.00","0.00","0.00","0.00","83.07","0.00","0.00","0.00","0.00","0.00","0.00","0.00","0.00","0.00","0.00","0.00","0.00","0.00","0.00","0.00","0.00"
"886","256141","1050201","000104450000033","1","12/31/2024","83.07","0.00","0.00","0.00","0.00","12000000.00","83.07","LN","0.00","0.00","0.00","0.00","83.07","0.00","0.00","0.00","0.00","0.00","0.00","0.00","0.00","0.00","0.00","0.00","0.00","0.00","0.00","0.00","0.00"
"887","256142","1050201","000104450000033","1","1/31/2025","83.07","0.00","0.00","0.00","0.00","12000000.00","83.07","LN","0.00","0.00","0.00","0.00","83.07","0.00","0.00","0.00","0.00","0.00","0.00","0.00","0.00","0.00","0.00","0.00","0.00","0.00","0.00","0.00","0.00"
"888","256143","1050201","000104450000033","1","2/28/2025","83.07","0.00","0.00","0.00","0.00","12000000.00","83.07","LN","0.00","0.00","0.00","0.00","83.07","0.00","0.00","0.00","0.00","0.00","0.00","0.00","0.00","0.00","0.00","0.00","0.00","0.00","0.00","0.00","0.00"
"889","256144","1050201","000104450000033","1","3/31/2025","83.07","0.00","0.00","0.00","0.00","12000000.00","83.07","LN","0.00","0.00","0.00","0.00","83.07","0.00","0.00","0.00","0.00","0.00","0.00","0.00","0.00","0.00","0.00","0.00","0.00","0.00","0.00","0.00","0.00"
"890","256145","1050201","000104450000033","1","4/30/2025","83.07","0.00","0.00","0.00","0.00","12000000.00","83.07","LN","0.00","0.00","0.00","0.00","83.07","0.00","0.00","0.00","0.00","0.00","0.00","0.00","0.00","0.00","0.00","0.00","0.00","0.00","0.00","0.00","0.00"
"891","256146","1050201","000104450000033","1","5/31/2025","83.07","0.00","0.00","0.00","0.00","12000000.00","83.07","LN","0.00","0.00","0.00","0.00","83.07","0.00","0.00","0.00","0.00","0.00","0.00","0.00","0.00","0.00","0.00","0.00","0.00","0.00","0.00","0.00","0.00"
"892","256147","1050201","000104450000033","1","6/30/2025","83.07","0.00","0.00","0.00","0.00","12000000.00","83.07","LN","0.00","0.00","0.00","0.00","83.07","0.00","0.00","0.00","0.00","0.00","0.00","0.00","0.00","0.00","0.00","0.00","0.00","0.00","0.00","0.00","0.00"
"893","256148","1050201","000104450000033","1","7/31/2025","83.07","0.00","0.00","0.00","0.00","12000000.00","83.07","LN","0.00","0.00","0.00","0.00","83.07","0.00","0.00","0.00","0.00","0.00","0.00","0.00","0.00","0.00","0.00","0.00","0.00","0.00","0.00","0.00","0.00"
"894","260840","1050201","000104450000033","1","8/31/2025","83.07","0.00","0.00","0.00","0.00","12000000.00","83.07","LN","0.00","0.00","0.00","0.00","83.07","0.00","0.00","0.00","0.00","0.00","0.00","0.00","0.00","-57756.50","-57756.50","10482732.60","0.00","0.00","3476500.00","0.00","0.00"
"895","268434","1050201","000104450000033","1","9/30/2025","83.07","0.00","0.00","0.00","0.00","12000000.00","83.07","LN","0.00","0.00","0.00","0.00","83.07","0.00","0.00","0.00","0.00","0.00","0.00","0.00","0.00","-57756.50","-57756.50","10482732.60","0.00","0.00","3476500.00","0.00","0.00"
"896","289034","1050201","000104450000033","1","10/31/2025","83.07","0.00","0.00","0.00","0.00","12000000.00","83.07","LN","0.00","0.00","0.00","0.00","83.07","0.00","0.00","0.00","0.00","0.00","0.00","0.00","0.00","-57756.50","-57756.50","10482732.60","0.00","0.00","3476500.00","0.00","0.00"
"897","292828","1050201","000104450000033","1","11/30/2025","83.07","0.00","0.00","0.00","0.00","12000000.00","83.07","LN","0.00","0.00","0.00","0.00","83.07","0.00","0.00","0.00","0.00","0.00","0.00","0.00","0.00","-57756.50","-57756.50","10482732.60","0.00","0.00","3476500.00","0.00","0.00"
"898","325221","1050201","000104450000033","1","12/31/2025","83.07","0.00","0.00","0.00","0.00","12000000.00","83.07","LN","0.00","0.00","0.00","0.00","83.07","0.00","0.00","0.00","0.00","0.00","0.00","0.00","0.00","-57756.50","-57756.50","10482732.60","0.00","0.00","3476500.00","0.00","0.00"
"899","329019","1050201","000104450000033","1","1/31/2026","83.07","0.00","0.00","0.00","0.00","12000000.00","83.07","LN","0.00","0.00","0.00","0.00","83.07","0.00","0.00","0.00","0.00","0.00","0.00","0.00","0.00","-57756.50","-57756.50","10482732.60","0.00","0.00","3476500.00","0.00","0.00"
"900","332833","1050201","000104450000033","1","2/28/2026","83.07","0.00","0.00","0.00","0.00","12000000.00","83.07","LN","0.00","0.00","0.00","0.00","83.07","0.00","0.00","0.00","0.00","0.00","0.00","0.00","0.00","-57756.50","-57756.50","10482732.60","0.00","0.00","3476500.00","0.00","0.00"
"901","336632","1050201","000104450000033","1","3/31/2026","83.07","0.00","0.00","0.00","0.00","12000000.00","83.07","LN","0.00","0.00","0.00","0.00","83.07","0.00","0.00","0.00","0.00","0.00","0.00","0.00","0.00","-57756.50","-57756.50","10482732.60","0.00","0.00","3476500.00","0.00","0.00"
"902","340413","1050201","000104450000033","1","4/30/2026","83.07","0.00","0.00","0.00","0.00","12000000.00","83.07","LN","0.00","0.00","0.00","0.00","83.07","0.00","0.00","0.00","0.00","0.00","0.00","0.00","0.00","-57756.50","-57756.50","10482732.60","0.00","0.00","3476500.00","0.00","0.00"
"903","344193","1050201","000104450000033","1","5/31/2026","83.07","0.00","0.00","0.00","0.00","12000000.00","83.07","LN","0.00","0.00","0.00","0.00","83.07","0.00","0.00","0.00","0.00","0.00","0.00","0.00","0.00","-57756.50","-57756.50","10482732.60","0.00","0.00","3476500.00","0.00","0.00"
"904","347974","1050201","000104450000033","1","6/30/2026","83.07","0.00","0.00","0.00","0.00","12000000.00","83.07","LN","0.00","0.00","0.00","0.00","83.07","0.00","0.00","0.00","0.00","0.00","0.00","0.00","0.00","-57756.50","-57756.50","10482732.60","0.00","0.00","3476500.00","0.00","0.00"
"905","351751","1050201","000104450000033","1","7/31/2026","83.07","0.00","0.00","0.00","0.00","12000000.00","83.07","LN","0.00","0.00","0.00","0.00","83.07","0.00","0.00","0.00","0.00","0.00","0.00","0.00","0.00","-57756.50","-57756.50","10482732.60","0.00","0.00","3476500.00","0.00","0.00"
"906","355516","1050201","000104450000033","1","8/31/2026","83.07","0.00","0.00","0.00","0.00","12000000.00","83.07","LN","0.00","0.00","0.00","0.00","83.07","0.00","0.00","0.00","0.00","0.00","0.00","0.00","0.00","-57756.50","-57756.50","10482732.60","0.00","0.00","3476500.00","0.00","0.00"
"907","256149","1050201","000104450000034","1","7/31/2024","-262137.72","10519237.35","-10781375.07","0.00","0.00","10000000.00","-262137.72","LN","0.00","0.00","0.00","0.00","-262137.72","10519237.35","-10781375.07","0.00","0.00","0.00","0.00","0.00","0.00","0.00","0.00","0.00","0.00","0.00","0.00","0.00","0.00"
"908","256150","1050201","000104450000034","1","8/31/2024","-264364.10","0.00","-2226.38","0.00","0.00","10000000.00","-264364.10","LN","0.00","0.00","0.00","0.00","-264364.10","0.00","-2226.38","0.00","0.00","0.00","0.00","0.00","0.00","0.00","0.00","0.00","0.00","0.00","0.00","0.00","0.00"
"909","256151","1050201","000104450000034","1","9/30/2024","-266536.96","0.00","-2172.86","0.00","0.00","10000000.00","-266536.96","LN","0.00","0.00","0.00","0.00","-266536.96","0.00","-2172.86","0.00","0.00","0.00","0.00","0.00","0.00","0.00","0.00","0.00","0.00","0.00","0.00","0.00","0.00"
"910","256152","1050201","000104450000034","1","10/31/2024","-268800.70","0.00","-2263.74","0.00","0.00","10000000.00","-268800.70","LN","0.00","0.00","0.00","0.00","-268800.70","0.00","-2263.74","0.00","0.00","0.00","0.00","0.00","0.00","0.00","0.00","0.00","0.00","0.00","0.00","0.00","0.00"
"911","256153","1050201","000104450000034","1","11/30/2024","-91612.77","179348.00","-2160.07","0.00","0.00","10000000.00","-91612.77","LN","0.00","0.00","0.00","0.00","-91612.77","179348.00","-2160.07","0.00","0.00","0.00","0.00","0.00","0.00","0.00","0.00","0.00","0.00","0.00","0.00","0.00","0.00"
"912","256154","1050201","000104450000034","1","12/31/2024","-9580.38","82790.23","-757.84","0.00","0.00","10000000.00","-9580.38","LN","0.00","0.00","0.00","0.00","-9580.38","82790.23","-757.84","0.00","0.00","0.00","0.00","0.00","0.00","0.00","0.00","0.00","0.00","0.00","0.00","0.00","0.00"
"913","256155","1050201","000104450000034","1","1/31/2025","-9580.38","0.00","0.00","0.00","0.00","10000000.00","-9580.38","LN","0.00","0.00","0.00","0.00","-9580.38","0.00","0.00","0.00","0.00","0.00","0.00","0.00","0.00","0.00","0.00","0.00","0.00","0.00","0.00","0.00","0.00"
"914","256156","1050201","000104450000034","1","2/28/2025","-9734.96","0.00","-154.58","0.00","0.00","10000000.00","-9734.96","LN","0.00","0.00","0.00","0.00","-9734.96","0.00","-154.58","0.00","0.00","0.00","0.00","0.00","0.00","0.00","0.00","0.00","0.00","0.00","0.00","0.00","0.00"
"915","256157","1050201","000104450000034","1","3/31/2025","-9817.73","0.00","-82.77","0.00","0.00","10000000.00","-9817.73","LN","0.00","0.00","0.00","0.00","-9817.73","0.00","-82.77","0.00","0.00","0.00","0.00","0.00","0.00","0.00","0.00","0.00","0.00","0.00","0.00","0.00","0.00"
"916","256158","1050201","000104450000034","1","4/30/2025","-9898.43","0.00","-80.70","0.00","0.00","10000000.00","-9898.43","LN","0.00","0.00","0.00","0.00","-9898.43","0.00","-80.70","0.00","0.00","0.00","0.00","0.00","0.00","0.00","0.00","0.00","0.00","0.00","0.00","0.00","0.00"
"917","256159","1050201","000104450000034","1","5/31/2025","-9982.44","0.00","-84.01","0.00","0.00","10000000.00","-9982.44","LN","0.00","0.00","0.00","0.00","-9982.44","0.00","-84.01","0.00","0.00","0.00","0.00","0.00","0.00","0.00","0.00","0.00","0.00","0.00","0.00","0.00","0.00"
"918","256160","1050201","000104450000034","1","6/30/2025","-10064.34","0.00","-81.90","0.00","0.00","10000000.00","-10064.34","LN","0.00","0.00","0.00","0.00","-10064.34","0.00","-81.90","0.00","0.00","0.00","0.00","0.00","0.00","0.00","0.00","0.00","0.00","0.00","0.00","0.00","0.00"
"919","256161","1050201","000104450000034","1","7/31/2025","-10149.90","0.00","-85.56","0.00","0.00","10000000.00","-10149.90","LN","0.00","0.00","0.00","0.00","-10149.90","0.00","-85.56","0.00","0.00","0.00","0.00","0.00","0.00","0.00","0.00","0.00","0.00","0.00","0.00","0.00","0.00"
"920","260841","1050201","000104450000034","1","8/31/2025","-10235.74","0.00","-85.84","0.00","0.00","10000000.00","-10235.74","LN","0.00","0.00","0.00","0.00","-10235.74","0.00","-85.84","0.00","0.00","0.00","0.00","0.00","0.00","-17742.76","-17742.76","10781375.58","0.00","0.00","0.00","0.00","0.00"
"921","268435","1050201","000104450000034","1","9/30/2025","-10319.74","0.00","-84.00","0.00","0.00","10000000.00","-10319.74","LN","0.00","0.00","0.00","0.00","-10319.74","0.00","-84.00","0.00","0.00","0.00","0.00","0.00","0.00","-17742.76","-17742.76","10781375.58","0.00","0.00","0.00","0.00","0.00"
"922","289035","1050201","000104450000034","1","10/31/2025","-10407.47","0.00","-87.73","0.00","0.00","10000000.00","-10407.47","LN","0.00","0.00","0.00","0.00","-10407.47","0.00","-87.73","0.00","0.00","0.00","0.00","0.00","0.00","-17742.76","-17742.76","10781375.58","0.00","0.00","0.00","0.00","0.00"
"923","292829","1050201","000104450000034","1","11/30/2025","-10492.97","0.00","-85.50","0.00","0.00","10000000.00","-10492.97","LN","0.00","0.00","0.00","0.00","-10492.97","0.00","-85.50","0.00","0.00","0.00","0.00","0.00","0.00","-17742.76","-17742.76","10781375.58","0.00","0.00","0.00","0.00","0.00"
"924","325222","1050201","000104450000034","1","12/31/2025","-10492.97","0.00","0.00","0.00","0.00","10000000.00","-10492.97","LN","0.00","0.00","0.00","0.00","-10492.97","0.00","0.00","0.00","0.00","0.00","0.00","0.00","0.00","-17742.76","-17742.76","10781375.58","0.00","0.00","0.00","0.00","0.00"
"925","329020","1050201","000104450000034","1","1/31/2026","-10492.97","0.00","0.00","0.00","0.00","10000000.00","-10492.97","LN","0.00","0.00","0.00","0.00","-10492.97","0.00","0.00","0.00","0.00","0.00","0.00","0.00","0.00","-17742.76","-17742.76","10781375.58","0.00","0.00","0.00","0.00","0.00"
"926","332834","1050201","000104450000034","1","2/28/2026","-10492.97","0.00","0.00","0.00","0.00","10000000.00","-10492.97","LN","0.00","0.00","0.00","0.00","-10492.97","0.00","0.00","0.00","0.00","0.00","0.00","0.00","0.00","-17742.76","-17742.76","10781375.58","0.00","0.00","0.00","0.00","0.00"
"927","336633","1050201","000104450000034","1","3/31/2026","-10492.97","0.00","0.00","0.00","0.00","10000000.00","-10492.97","LN","0.00","0.00","0.00","0.00","-10492.97","0.00","0.00","0.00","0.00","0.00","0.00","0.00","0.00","-17742.76","-17742.76","10781375.58","0.00","0.00","0.00","0.00","0.00"
"928","340414","1050201","000104450000034","1","4/30/2026","-10492.97","0.00","0.00","0.00","0.00","10000000.00","-10492.97","LN","0.00","0.00","0.00","0.00","-10492.97","0.00","0.00","0.00","0.00","0.00","0.00","0.00","0.00","-17742.76","-17742.76","10781375.58","0.00","0.00","0.00","0.00","0.00"
"929","344194","1050201","000104450000034","1","5/31/2026","-10492.97","0.00","0.00","0.00","0.00","10000000.00","-10492.97","LN","0.00","0.00","0.00","0.00","-10492.97","0.00","0.00","0.00","0.00","0.00","0.00","0.00","0.00","-17742.76","-17742.76","10781375.58","0.00","0.00","0.00","0.00","0.00"
"930","347975","1050201","000104450000034","1","6/30/2026","0.00","10492.97","0.00","0.00","0.00","10000000.00","0.00","LN","0.00","0.00","0.00","0.00","0.00","10492.97","0.00","0.00","0.00","0.00","0.00","0.00","0.00","-17742.76","-17742.76","10781375.58","0.00","0.00","0.00","0.00","0.00"
"931","256162","1050201","000104450000037","1","7/31/2024","-30807527.81","0.00","-30807527.81","0.00","0.00","30000000.00","-30807527.81","LN","0.00","0.00","0.00","0.00","-30807527.81","0.00","-30807527.81","0.00","0.00","0.00","0.00","0.00","0.00","0.00","0.00","0.00","0.00","0.00","0.00","0.00","0.00"
"932","256163","1050201","000104450000037","1","8/31/2024","-31069180.79","0.00","-261652.98","0.00","0.00","30000000.00","-31069180.79","LN","0.00","0.00","0.00","0.00","-31069180.79","0.00","-261652.98","0.00","0.00","0.00","0.00","0.00","0.00","0.00","0.00","0.00","0.00","0.00","0.00","0.00","0.00"
"933","256164","1050201","000104450000037","1","9/30/2024","-28715899.26","2603000.00","-249718.47","0.00","0.00","30000000.00","-28715899.26","LN","0.00","0.00","0.00","0.00","-28715899.26","2603000.00","-249718.47","0.00","0.00","0.00","0.00","0.00","0.00","0.00","0.00","0.00","0.00","0.00","0.00","0.00","0.00"
"934","256165","1050201","000104450000037","1","10/31/2024","-27353908.27","1605000.00","-243009.01","0.00","0.00","30000000.00","-27353908.27","LN","0.00","0.00","0.00","0.00","-27353908.27","1605000.00","-243009.01","0.00","0.00","0.00","0.00","0.00","0.00","0.00","0.00","0.00","0.00","0.00","0.00","0.00","0.00"
"935","256166","1050201","000104450000037","1","11/30/2024","-26969922.62","605000.00","-221014.35","0.00","0.00","30000000.00","-26969922.62","LN","0.00","0.00","0.00","0.00","-26969922.62","605000.00","-221014.35","0.00","0.00","0.00","0.00","0.00","0.00","0.00","0.00","0.00","0.00","0.00","0.00","0.00","0.00"
"936","256167","1050201","000104450000037","1","12/31/2024","-25589058.82","1605000.00","-224136.20","0.00","0.00","30000000.00","-25589058.82","LN","0.00","0.00","0.00","0.00","-25589058.82","1605000.00","-224136.20","0.00","0.00","0.00","0.00","0.00","0.00","0.00","0.00","0.00","0.00","0.00","0.00","0.00","0.00"
"937","256168","1050201","000104450000037","1","1/31/2025","-22374058.82","3215000.00","0.00","0.00","0.00","30000000.00","-22374058.82","LN","0.00","0.00","0.00","0.00","-22374058.82","3215000.00","0.00","0.00","0.00","0.00","0.00","0.00","0.00","0.00","0.00","0.00","0.00","0.00","0.00","0.00","0.00"
"938","256169","1050201","000104450000037","1","2/28/2025","-21759132.67","1000000.00","-385073.85","0.00","0.00","30000000.00","-21759132.67","LN","0.00","0.00","0.00","0.00","-21759132.67","1000000.00","-385073.85","0.00","0.00","0.00","0.00","0.00","0.00","0.00","0.00","0.00","0.00","0.00","0.00","0.00","0.00"
"939","256170","1050201","000104450000037","1","3/31/2025","-21332766.47","610000.00","-183633.80","0.00","0.00","30000000.00","-21332766.47","LN","0.00","0.00","0.00","0.00","-21332766.47","610000.00","-183633.80","0.00","0.00","0.00","0.00","0.00","0.00","0.00","0.00","0.00","0.00","0.00","0.00","0.00","0.00"
"940","256171","1050201","000104450000037","1","4/30/2025","-18274871.46","3220000.00","-162104.99","0.00","0.00","30000000.00","-18274871.46","LN","0.00","0.00","0.00","0.00","-18274871.46","3220000.00","-162104.99","0.00","0.00","0.00","0.00","0.00","0.00","0.00","0.00","0.00","0.00","0.00","0.00","0.00","0.00"
"941","256172","1050201","000104450000037","1","5/31/2025","-18430082.57","0.00","-155211.11","0.00","0.00","30000000.00","-18430082.57","LN","0.00","0.00","0.00","0.00","-18430082.57","0.00","-155211.11","0.00","0.00","0.00","0.00","0.00","0.00","0.00","0.00","0.00","0.00","0.00","0.00","0.00","0.00"
"942","256173","1050201","000104450000037","1","6/30/2025","-15349354.54","3230000.00","-149271.97","0.00","0.00","30000000.00","-15349354.54","LN","0.00","0.00","0.00","0.00","-15349354.54","3230000.00","-149271.97","0.00","0.00","0.00","0.00","0.00","0.00","0.00","0.00","0.00","0.00","0.00","0.00","0.00","0.00"
"943","256174","1050201","000104450000037","1","7/31/2025","-13869277.75","1610000.00","-129923.21","0.00","0.00","30000000.00","-13869277.75","LN","0.00","0.00","0.00","0.00","-13869277.75","1610000.00","-129923.21","0.00","0.00","0.00","0.00","0.00","0.00","0.00","0.00","0.00","0.00","0.00","0.00","0.00","0.00"
"944","260842","1050201","000104450000037","1","8/31/2025","-12376037.73","1610000.00","-116759.98","0.00","0.00","30000000.00","-12376037.73","LN","0.00","0.00","0.00","0.00","-12376037.73","1610000.00","-116759.98","0.00","0.00","0.00","0.00","0.00","0.00","-1610675.05","-1610675.05","19303000.00","0.00","0.00","0.00","0.00","0.00"
"945","268436","1050201","000104450000037","1","9/30/2025","-12477758.73","0.00","-101721.00","0.00","0.00","30000000.00","-12477758.73","LN","0.00","0.00","0.00","0.00","-12477758.73","0.00","-101721.00","0.00","0.00","0.00","0.00","0.00","0.00","-1610675.05","-1610675.05","19303000.00","0.00","0.00","0.00","0.00","0.00"
"946","289036","1050201","000104450000037","1","10/31/2025","-9348737.00","3220000.00","-90978.27","0.00","0.00","30000000.00","-9348737.00","LN","0.00","0.00","0.00","0.00","-9348737.00","3220000.00","-90978.27","0.00","0.00","0.00","0.00","0.00","0.00","-1610675.05","-1610675.05","19303000.00","0.00","0.00","0.00","0.00","0.00"
"947","292830","1050201","000104450000037","1","11/30/2025","-9425576.00","0.00","-76839.00","0.00","0.00","30000000.00","-9425576.00","LN","0.00","0.00","0.00","0.00","-9425576.00","0.00","-76839.00","0.00","0.00","0.00","0.00","0.00","0.00","-1610675.05","-1610675.05","19303000.00","0.00","0.00","0.00","0.00","0.00"
"948","325223","1050201","000104450000037","1","12/31/2025","-6275924.67","3220000.00","-70348.67","0.00","0.00","30000000.00","-6275924.67","LN","0.00","0.00","0.00","0.00","-6275924.67","3220000.00","-70348.67","0.00","0.00","0.00","0.00","0.00","0.00","-1610675.05","-1610675.05","19303000.00","0.00","0.00","0.00","0.00","0.00"
"949","329021","1050201","000104450000037","1","1/31/2026","-4718785.91","1610000.00","-52861.24","0.00","0.00","30000000.00","-4718785.91","LN","0.00","0.00","0.00","0.00","-4718785.91","1610000.00","-52861.24","0.00","0.00","0.00","0.00","0.00","0.00","-1610675.05","-1610675.05","19303000.00","0.00","0.00","0.00","0.00","0.00"
"950","332835","1050201","000104450000037","1","2/28/2026","-4754984.87","0.00","-36198.96","0.00","0.00","30000000.00","-4754984.87","LN","0.00","0.00","0.00","0.00","-4754984.87","0.00","-36198.96","0.00","0.00","0.00","0.00","0.00","0.00","-1610675.05","-1610675.05","19303000.00","0.00","0.00","0.00","0.00","0.00"
"951","336634","1050201","000104450000037","1","3/31/2026","-1550657.39","3235000.00","-30672.52","0.00","0.00","30000000.00","-1550657.39","LN","0.00","0.00","0.00","0.00","-1550657.39","3235000.00","-30672.52","0.00","0.00","0.00","0.00","0.00","0.00","-1610675.05","-1610675.05","19303000.00","0.00","0.00","0.00","0.00","0.00"
"952","340415","1050201","000104450000037","1","4/30/2026","-1563402.59","0.00","-12745.20","0.00","0.00","30000000.00","-1563402.59","LN","0.00","0.00","0.00","0.00","-1563402.59","0.00","-12745.20","0.00","0.00","0.00","0.00","0.00","0.00","-1610675.05","-1610675.05","19303000.00","0.00","0.00","0.00","0.00","0.00"
"953","344195","1050201","000104450000037","1","5/31/2026","28459.14","1600000.00","-8138.27","0.00","0.00","30000000.00","28459.14","LN","0.00","0.00","0.00","0.00","28459.14","1600000.00","-8138.27","0.00","0.00","0.00","0.00","0.00","0.00","-1610675.05","-1610675.05","19303000.00","0.00","0.00","0.00","0.00","0.00"
"954","347976","1050201","000104450000037","1","6/30/2026","28459.14","0.00","0.00","0.00","0.00","30000000.00","28459.14","LN","0.00","0.00","0.00","0.00","28459.14","0.00","0.00","0.00","0.00","0.00","0.00","0.00","0.00","-1610675.05","-1610675.05","19303000.00","0.00","0.00","0.00","0.00","0.00"
"955","351752","1050201","000104450000037","1","7/31/2026","57459.14","29000.00","0.00","0.00","0.00","30000000.00","57459.14","LN","0.00","0.00","0.00","0.00","57459.14","29000.00","0.00","0.00","0.00","0.00","0.00","0.00","0.00","-1610675.05","-1610675.05","19303000.00","0.00","0.00","0.00","0.00","0.00"
"956","355517","1050201","000104450000037","1","8/31/2026","57459.14","0.00","0.00","0.00","0.00","30000000.00","57459.14","LN","0.00","0.00","0.00","0.00","57459.14","0.00","0.00","0.00","0.00","0.00","0.00","0.00","0.00","-1610675.05","-1610675.05","19303000.00","0.00","0.00","0.00","0.00","0.00"
"957","256175","1050201","000104450000038","1","7/31/2024","-6952854.10","4819000.00","-11771854.10","0.00","0.00","10000000.00","-6952854.10","LN","0.00","0.00","0.00","0.00","-6952854.10","4819000.00","-11771854.10","0.00","0.00","0.00","0.00","0.00","0.00","0.00","0.00","0.00","0.00","0.00","0.00","0.00","0.00"
"958","256176","1050201","000104450000038","1","8/31/2024","-6612344.09","400000.00","-59489.99","0.00","0.00","10000000.00","-6612344.09","LN","0.00","0.00","0.00","0.00","-6612344.09","400000.00","-59489.99","0.00","0.00","0.00","0.00","0.00","0.00","0.00","0.00","0.00","0.00","0.00","0.00","0.00","0.00"
"959","256177","1050201","000104450000038","1","9/30/2024","-6267020.89","400000.00","-54676.80","0.00","0.00","10000000.00","-6267020.89","LN","0.00","0.00","0.00","0.00","-6267020.89","400000.00","-54676.80","0.00","0.00","0.00","0.00","0.00","0.00","0.00","0.00","0.00","0.00","0.00","0.00","0.00","0.00"
"960","256178","1050201","000104450000038","1","10/31/2024","-5917617.50","400000.00","-50596.61","0.00","0.00","10000000.00","-5917617.50","LN","0.00","0.00","0.00","0.00","-5917617.50","400000.00","-50596.61","0.00","0.00","0.00","0.00","0.00","0.00","0.00","0.00","0.00","0.00","0.00","0.00","0.00","0.00"
"961","256179","1050201","000104450000038","1","11/30/2024","-5564173.39","400000.00","-46555.89","0.00","0.00","10000000.00","-5564173.39","LN","0.00","0.00","0.00","0.00","-5564173.39","400000.00","-46555.89","0.00","0.00","0.00","0.00","0.00","0.00","0.00","0.00","0.00","0.00","0.00","0.00","0.00","0.00"
"962","256180","1050201","000104450000038","1","12/31/2024","-4608242.83","1000000.00","-44069.44","0.00","0.00","10000000.00","-4608242.83","LN","0.00","0.00","0.00","0.00","-4608242.83","1000000.00","-44069.44","0.00","0.00","0.00","0.00","0.00","0.00","0.00","0.00","0.00","0.00","0.00","0.00","0.00","0.00"
"963","256181","1050201","000104450000038","1","1/31/2025","-4608242.83","0.00","0.00","0.00","0.00","10000000.00","-4608242.83","LN","0.00","0.00","0.00","0.00","-4608242.83","0.00","0.00","0.00","0.00","0.00","0.00","0.00","0.00","0.00","0.00","0.00","0.00","0.00","0.00","0.00","0.00"
"964","256182","1050201","000104450000038","1","2/28/2025","-3679718.43","1000000.00","-71475.60","0.00","0.00","10000000.00","-3679718.43","LN","0.00","0.00","0.00","0.00","-3679718.43","1000000.00","-71475.60","0.00","0.00","0.00","0.00","0.00","0.00","0.00","0.00","0.00","0.00","0.00","0.00","0.00","0.00"
"965","256183","1050201","000104450000038","1","3/31/2025","-3309765.28","400000.00","-30046.85","0.00","0.00","10000000.00","-3309765.28","LN","0.00","0.00","0.00","0.00","-3309765.28","400000.00","-30046.85","0.00","0.00","0.00","0.00","0.00","0.00","0.00","0.00","0.00","0.00","0.00","0.00","0.00","0.00"
"966","256184","1050201","000104450000038","1","4/30/2025","-3336968.98","0.00","-27203.70","0.00","0.00","10000000.00","-3336968.98","LN","0.00","0.00","0.00","0.00","-3336968.98","0.00","-27203.70","0.00","0.00","0.00","0.00","0.00","0.00","0.00","0.00","0.00","0.00","0.00","0.00","0.00","0.00"
"967","256185","1050201","000104450000038","1","5/31/2025","-3365310.42","0.00","-28341.44","0.00","0.00","10000000.00","-3365310.42","LN","0.00","0.00","0.00","0.00","-3365310.42","0.00","-28341.44","0.00","0.00","0.00","0.00","0.00","0.00","0.00","0.00","0.00","0.00","0.00","0.00","0.00","0.00"
"968","256186","1050201","000104450000038","1","6/30/2025","-3392970.42","0.00","-27660.00","0.00","0.00","10000000.00","-3392970.42","LN","0.00","0.00","0.00","0.00","-3392970.42","0.00","-27660.00","0.00","0.00","0.00","0.00","0.00","0.00","0.00","0.00","0.00","0.00","0.00","0.00","0.00","0.00"
"969","256187","1050201","000104450000038","1","7/31/2025","-3421787.40","0.00","-28816.98","0.00","0.00","10000000.00","-3421787.40","LN","0.00","0.00","0.00","0.00","-3421787.40","0.00","-28816.98","0.00","0.00","0.00","0.00","0.00","0.00","0.00","0.00","0.00","0.00","0.00","0.00","0.00","0.00"
"970","260843","1050201","000104450000038","1","8/31/2025","-2650291.10","800000.00","-28503.70","0.00","0.00","10000000.00","-2650291.10","LN","0.00","0.00","0.00","0.00","-2650291.10","800000.00","-28503.70","0.00","0.00","0.00","0.00","0.00","0.00","-540680.34","-540680.34","8819000.00","0.00","0.00","0.00","0.00","0.00"
"971","268437","1050201","000104450000038","1","9/30/2025","-1671800.42","1000000.00","-21509.32","0.00","0.00","10000000.00","-1671800.42","LN","0.00","0.00","0.00","0.00","-1671800.42","1000000.00","-21509.32","0.00","0.00","0.00","0.00","0.00","0.00","-540680.34","-540680.34","8819000.00","0.00","0.00","0.00","0.00","0.00"
"972","289037","1050201","000104450000038","1","10/31/2025","-2186410.29","0.00","-514609.87","0.00","0.00","10000000.00","-2186410.29","LN","0.00","0.00","0.00","0.00","-2186410.29","0.00","-514609.87","0.00","0.00","0.00","0.00","0.00","0.00","-540680.34","-540680.34","8819000.00","0.00","0.00","0.00","0.00","0.00"
"973","292831","1050201","000104450000038","1","11/30/2025","-2204380.89","0.00","-17970.60","0.00","0.00","10000000.00","-2204380.89","LN","0.00","0.00","0.00","0.00","-2204380.89","0.00","-17970.60","0.00","0.00","0.00","0.00","0.00","0.00","-540680.34","-540680.34","8819000.00","0.00","0.00","0.00","0.00","0.00"
"974","325224","1050201","000104450000038","1","12/31/2025","-2223103.03","0.00","-18722.14","0.00","0.00","10000000.00","-2223103.03","LN","0.00","0.00","0.00","0.00","-2223103.03","0.00","-18722.14","0.00","0.00","0.00","0.00","0.00","0.00","-540680.34","-540680.34","8819000.00","0.00","0.00","0.00","0.00","0.00"
"975","329022","1050201","000104450000038","1","1/31/2026","-2241984.20","0.00","-18881.17","0.00","0.00","10000000.00","-2241984.20","LN","0.00","0.00","0.00","0.00","-2241984.20","0.00","-18881.17","0.00","0.00","0.00","0.00","0.00","0.00","-540680.34","-540680.34","8819000.00","0.00","0.00","0.00","0.00","0.00"
"976","332836","1050201","000104450000038","1","2/28/2026","-2259182.92","0.00","-17198.72","0.00","0.00","10000000.00","-2259182.92","LN","0.00","0.00","0.00","0.00","-2259182.92","0.00","-17198.72","0.00","0.00","0.00","0.00","0.00","0.00","-540680.34","-540680.34","8819000.00","0.00","0.00","0.00","0.00","0.00"
"977","336635","1050201","000104450000038","1","3/31/2026","-2278370.37","0.00","-19187.45","0.00","0.00","10000000.00","-2278370.37","LN","0.00","0.00","0.00","0.00","-2278370.37","0.00","-19187.45","0.00","0.00","0.00","0.00","0.00","0.00","-540680.34","-540680.34","8819000.00","0.00","0.00","0.00","0.00","0.00"
"978","340416","1050201","000104450000038","1","4/30/2026","-2297096.67","0.00","-18726.30","0.00","0.00","10000000.00","-2297096.67","LN","0.00","0.00","0.00","0.00","-2297096.67","0.00","-18726.30","0.00","0.00","0.00","0.00","0.00","0.00","-540680.34","-540680.34","8819000.00","0.00","0.00","0.00","0.00","0.00"
"979","344196","1050201","000104450000038","1","5/31/2026","-2316606.21","0.00","-19509.54","0.00","0.00","10000000.00","-2316606.21","LN","0.00","0.00","0.00","0.00","-2316606.21","0.00","-19509.54","0.00","0.00","0.00","0.00","0.00","0.00","-540680.34","-540680.34","8819000.00","0.00","0.00","0.00","0.00","0.00"
"980","347977","1050201","000104450000038","1","6/30/2026","-37291.56","2297096.67","-17782.02","0.00","0.00","10000000.00","-37291.56","LN","0.00","0.00","0.00","0.00","-37291.56","2297096.67","-17782.02","0.00","0.00","0.00","0.00","0.00","0.00","-540680.34","-540680.34","8819000.00","0.00","0.00","0.00","0.00","0.00"
"981","351753","1050201","000104450000038","1","7/31/2026","-37608.38","0.00","-316.82","0.00","0.00","10000000.00","-37608.38","LN","0.00","0.00","0.00","0.00","-37608.38","0.00","-316.82","0.00","0.00","0.00","0.00","0.00","0.00","-540680.34","-540680.34","8819000.00","0.00","0.00","0.00","0.00","0.00"
"982","355518","1050201","000104450000038","1","8/31/2026","-37927.68","0.00","-319.30","0.00","0.00","10000000.00","-37927.68","LN","0.00","0.00","0.00","0.00","-37927.68","0.00","-319.30","0.00","0.00","0.00","0.00","0.00","0.00","-540680.34","-540680.34","8819000.00","0.00","0.00","0.00","0.00","0.00"
"983","256188","1050201","000104450000041","1","7/31/2024","-6602533.22","6941000.00","-13543533.22","0.00","0.00","12000000.00","-6602533.22","LN","0.00","0.00","0.00","0.00","-6602533.22","6941000.00","-13543533.22","0.00","0.00","0.00","0.00","0.00","0.00","0.00","0.00","0.00","0.00","0.00","0.00","0.00","0.00"
"984","256189","1050201","000104450000041","1","8/31/2024","-6158472.55","500000.00","-55939.33","0.00","0.00","12000000.00","-6158472.55","LN","0.00","0.00","0.00","0.00","-6158472.55","500000.00","-55939.33","0.00","0.00","0.00","0.00","0.00","0.00","0.00","0.00","0.00","0.00","0.00","0.00","0.00","0.00"
"985","256190","1050201","000104450000041","1","9/30/2024","-5456007.95","750000.00","-47535.40","0.00","0.00","12000000.00","-5456007.95","LN","0.00","0.00","0.00","0.00","-5456007.95","750000.00","-47535.40","0.00","0.00","0.00","0.00","0.00","0.00","0.00","0.00","0.00","0.00","0.00","0.00","0.00","0.00"
"986","256191","1050201","000104450000041","1","10/31/2024","-4496798.69","1000000.00","-40790.74","0.00","0.00","12000000.00","-4496798.69","LN","0.00","0.00","0.00","0.00","-4496798.69","1000000.00","-40790.74","0.00","0.00","0.00","0.00","0.00","0.00","0.00","0.00","0.00","0.00","0.00","0.00","0.00","0.00"
"987","256192","1050201","000104450000041","1","11/30/2024","-3780539.46","750000.00","-33740.77","0.00","0.00","12000000.00","-3780539.46","LN","0.00","0.00","0.00","0.00","-3780539.46","750000.00","-33740.77","0.00","0.00","0.00","0.00","0.00","0.00","0.00","0.00","0.00","0.00","0.00","0.00","0.00","0.00"
"988","256193","1050201","000104450000041","1","12/31/2024","-3562177.00","250000.00","-31637.54","0.00","0.00","12000000.00","-3562177.00","LN","0.00","0.00","0.00","0.00","-3562177.00","250000.00","-31637.54","0.00","0.00","0.00","0.00","0.00","0.00","0.00","0.00","0.00","0.00","0.00","0.00","0.00","0.00"
"989","256194","1050201","000104450000041","1","1/31/2025","-3062177.00","500000.00","0.00","0.00","0.00","12000000.00","-3062177.00","LN","0.00","0.00","0.00","0.00","-3062177.00","500000.00","0.00","0.00","0.00","0.00","0.00","0.00","0.00","0.00","0.00","0.00","0.00","0.00","0.00","0.00","0.00"
"990","256195","1050201","000104450000041","1","2/28/2025","-2613182.05","500000.00","-51005.05","0.00","0.00","12000000.00","-2613182.05","LN","0.00","0.00","0.00","0.00","-2613182.05","500000.00","-51005.05","0.00","0.00","0.00","0.00","0.00","0.00","0.00","0.00","0.00","0.00","0.00","0.00","0.00","0.00"
"991","256196","1050201","000104450000041","1","3/31/2025","-1883115.91","750000.00","-19933.86","0.00","0.00","12000000.00","-1883115.91","LN","0.00","0.00","0.00","0.00","-1883115.91","750000.00","-19933.86","0.00","0.00","0.00","0.00","0.00","0.00","0.00","0.00","0.00","0.00","0.00","0.00","0.00","0.00"
"992","256197","1050201","000104450000041","1","4/30/2025","-1247936.00","650000.00","-14820.09","0.00","0.00","12000000.00","-1247936.00","LN","0.00","0.00","0.00","0.00","-1247936.00","650000.00","-14820.09","0.00","0.00","0.00","0.00","0.00","0.00","0.00","0.00","0.00","0.00","0.00","0.00","0.00","0.00"
"993","256198","1050201","000104450000041","1","5/31/2025","-1258534.90","0.00","-10598.90","0.00","0.00","12000000.00","-1258534.90","LN","0.00","0.00","0.00","0.00","-1258534.90","0.00","-10598.90","0.00","0.00","0.00","0.00","0.00","0.00","0.00","0.00","0.00","0.00","0.00","0.00","0.00","0.00"
"994","256199","1050201","000104450000041","1","6/30/2025","-1268878.90","0.00","-10344.00","0.00","0.00","12000000.00","-1268878.90","LN","0.00","0.00","0.00","0.00","-1268878.90","0.00","-10344.00","0.00","0.00","0.00","0.00","0.00","0.00","0.00","0.00","0.00","0.00","0.00","0.00","0.00","0.00"
"995","256200","1050201","000104450000041","1","7/31/2025","-316975.82","957865.32","-5962.24","0.00","0.00","12000000.00","-316975.82","LN","0.00","0.00","0.00","0.00","-316975.82","957865.32","-5962.24","0.00","0.00","0.00","0.00","0.00","0.00","0.00","0.00","0.00","0.00","0.00","0.00","0.00","0.00"
"996","260844","1050201","000104450000041","1","8/31/2025","-319628.09","0.00","-2652.27","0.00","0.00","12000000.00","-319628.09","LN","0.00","0.00","0.00","0.00","-319628.09","0.00","-2652.27","0.00","0.00","0.00","0.00","0.00","0.00","-339537.70","-339537.70","13548865.32","0.00","0.00","0.00","0.00","0.00"
"997","268438","1050201","000104450000041","1","9/30/2025","-322255.19","0.00","-2627.10","0.00","0.00","12000000.00","-322255.19","LN","0.00","0.00","0.00","0.00","-322255.19","0.00","-2627.10","0.00","0.00","0.00","0.00","0.00","0.00","-339537.70","-339537.70","13548865.32","0.00","0.00","0.00","0.00","0.00"
"998","289038","1050201","000104450000041","1","10/31/2025","-324992.18","0.00","-2736.99","0.00","0.00","12000000.00","-324992.18","LN","0.00","0.00","0.00","0.00","-324992.18","0.00","-2736.99","0.00","0.00","0.00","0.00","0.00","0.00","-339537.70","-339537.70","13548865.32","0.00","0.00","0.00","0.00","0.00"
"999","292832","1050201","000104450000041","1","11/30/2025","-327663.38","0.00","-2671.20","0.00","0.00","12000000.00","-327663.38","LN","0.00","0.00","0.00","0.00","-327663.38","0.00","-2671.20","0.00","0.00","0.00","0.00","0.00","0.00","-339537.70","-339537.70","13548865.32","0.00","0.00","0.00","0.00","0.00"
"1000","325225","1050201","000104450000041","1","12/31/2025","-327663.38","0.00","0.00","0.00","0.00","12000000.00","-327663.38","LN","0.00","0.00","0.00","0.00","-327663.38","0.00","0.00","0.00","0.00","0.00","0.00","0.00","0.00","-339537.70","-339537.70","13548865.32","0.00","0.00","0.00","0.00","0.00"
"1001","329023","1050201","000104450000041","1","1/31/2026","-327663.38","0.00","0.00","0.00","0.00","12000000.00","-327663.38","LN","0.00","0.00","0.00","0.00","-327663.38","0.00","0.00","0.00","0.00","0.00","0.00","0.00","0.00","-339537.70","-339537.70","13548865.32","0.00","0.00","0.00","0.00","0.00"
"1002","332837","1050201","000104450000041","1","2/28/2026","-327663.38","0.00","0.00","0.00","0.00","12000000.00","-327663.38","LN","0.00","0.00","0.00","0.00","-327663.38","0.00","0.00","0.00","0.00","0.00","0.00","0.00","0.00","-339537.70","-339537.70","13548865.32","0.00","0.00","0.00","0.00","0.00"
"1003","336636","1050201","000104450000041","1","3/31/2026","-327663.38","0.00","0.00","0.00","0.00","12000000.00","-327663.38","LN","0.00","0.00","0.00","0.00","-327663.38","0.00","0.00","0.00","0.00","0.00","0.00","0.00","0.00","-339537.70","-339537.70","13548865.32","0.00","0.00","0.00","0.00","0.00"
"1004","340417","1050201","000104450000041","1","4/30/2026","-327663.38","0.00","0.00","0.00","0.00","12000000.00","-327663.38","LN","0.00","0.00","0.00","0.00","-327663.38","0.00","0.00","0.00","0.00","0.00","0.00","0.00","0.00","-339537.70","-339537.70","13548865.32","0.00","0.00","0.00","0.00","0.00"
"1005","344197","1050201","000104450000041","1","5/31/2026","-327663.38","0.00","0.00","0.00","0.00","12000000.00","-327663.38","LN","0.00","0.00","0.00","0.00","-327663.38","0.00","0.00","0.00","0.00","0.00","0.00","0.00","0.00","-339537.70","-339537.70","13548865.32","0.00","0.00","0.00","0.00","0.00"
"1006","347978","1050201","000104450000041","1","6/30/2026","0.00","327663.38","0.00","0.00","0.00","12000000.00","0.00","LN","0.00","0.00","0.00","0.00","0.00","327663.38","0.00","0.00","0.00","0.00","0.00","0.00","0.00","-339537.70","-339537.70","13548865.32","0.00","0.00","0.00","0.00","0.00"
"1007","256201","1050201","000104450000042","1","7/31/2024","-1228113.76","11684674.00","-12912787.76","0.00","0.00","24000000.00","-1228113.76","LN","0.00","0.00","0.00","0.00","-1228113.76","11684674.00","-12912787.76","0.00","0.00","0.00","0.00","0.00","0.00","0.00","0.00","0.00","0.00","0.00","0.00","0.00","0.00"
"1008","256202","1050201","000104450000042","1","8/31/2024","-623375.83","615000.00","-10262.07","0.00","0.00","24000000.00","-623375.83","LN","0.00","0.00","0.00","0.00","-623375.83","615000.00","-10262.07","0.00","0.00","0.00","0.00","0.00","0.00","0.00","0.00","0.00","0.00","0.00","0.00","0.00","0.00"
"1009","256203","1050201","000104450000042","1","9/30/2024","-8267.90","618200.00","-3092.07","0.00","0.00","24000000.00","-8267.90","LN","0.00","0.00","0.00","0.00","-8267.90","618200.00","-3092.07","0.00","0.00","0.00","0.00","0.00","0.00","0.00","0.00","0.00","0.00","0.00","0.00","0.00","0.00"
"1010","256204","1050201","000104450000042","1","10/31/2024","-8338.12","0.00","-70.22","0.00","0.00","24000000.00","-8338.12","LN","0.00","0.00","0.00","0.00","-8338.12","0.00","-70.22","0.00","0.00","0.00","0.00","0.00","0.00","0.00","0.00","0.00","0.00","0.00","0.00","0.00","0.00"
"1011","256205","1050201","000104450000042","1","11/30/2024","-8406.52","0.00","-68.40","0.00","0.00","24000000.00","-8406.52","LN","0.00","0.00","0.00","0.00","-8406.52","0.00","-68.40","0.00","0.00","0.00","0.00","0.00","0.00","0.00","0.00","0.00","0.00","0.00","0.00","0.00","0.00"
"1012","256206","1050201","000104450000042","1","12/31/2024","-8480.12","0.00","-73.60","0.00","0.00","24000000.00","-8480.12","LN","0.00","0.00","0.00","0.00","-8480.12","0.00","-73.60","0.00","0.00","0.00","0.00","0.00","0.00","0.00","0.00","0.00","0.00","0.00","0.00","0.00","0.00"
"1013","256207","1050201","000104450000042","1","1/31/2025","-8480.12","0.00","0.00","0.00","0.00","24000000.00","-8480.12","LN","0.00","0.00","0.00","0.00","-8480.12","0.00","0.00","0.00","0.00","0.00","0.00","0.00","0.00","0.00","0.00","0.00","0.00","0.00","0.00","0.00","0.00"
"1014","256208","1050201","000104450000042","1","2/28/2025","-8617.00","0.00","-136.88","0.00","0.00","24000000.00","-8617.00","LN","0.00","0.00","0.00","0.00","-8617.00","0.00","-136.88","0.00","0.00","0.00","0.00","0.00","0.00","0.00","0.00","0.00","0.00","0.00","0.00","0.00","0.00"
"1015","256209","1050201","000104450000042","1","3/31/2025","-8690.16","0.00","-73.16","0.00","0.00","24000000.00","-8690.16","LN","0.00","0.00","0.00","0.00","-8690.16","0.00","-73.16","0.00","0.00","0.00","0.00","0.00","0.00","0.00","0.00","0.00","0.00","0.00","0.00","0.00","0.00"
"1016","256210","1050201","000104450000042","1","4/30/2025","-8761.56","0.00","-71.40","0.00","0.00","24000000.00","-8761.56","LN","0.00","0.00","0.00","0.00","-8761.56","0.00","-71.40","0.00","0.00","0.00","0.00","0.00","0.00","0.00","0.00","0.00","0.00","0.00","0.00","0.00","0.00"
"1017","256211","1050201","000104450000042","1","5/31/2025","-8835.96","0.00","-74.40","0.00","0.00","24000000.00","-8835.96","LN","0.00","0.00","0.00","0.00","-8835.96","0.00","-74.40","0.00","0.00","0.00","0.00","0.00","0.00","0.00","0.00","0.00","0.00","0.00","0.00","0.00","0.00"
"1018","256212","1050201","000104450000042","1","6/30/2025","-8908.56","0.00","-72.60","0.00","0.00","24000000.00","-8908.56","LN","0.00","0.00","0.00","0.00","-8908.56","0.00","-72.60","0.00","0.00","0.00","0.00","0.00","0.00","0.00","0.00","0.00","0.00","0.00","0.00","0.00","0.00"
"1019","256213","1050201","000104450000042","1","7/31/2025","-8984.20","0.00","-75.64","0.00","0.00","24000000.00","-8984.20","LN","0.00","0.00","0.00","0.00","-8984.20","0.00","-75.64","0.00","0.00","0.00","0.00","0.00","0.00","0.00","0.00","0.00","0.00","0.00","0.00","0.00","0.00"
"1020","260845","1050201","000104450000042","1","8/31/2025","-9060.16","0.00","-75.96","0.00","0.00","24000000.00","-9060.16","LN","0.00","0.00","0.00","0.00","-9060.16","0.00","-75.96","0.00","0.00","0.00","0.00","0.00","0.00","-88918.13","-88918.13","12917874.00","0.00","0.00","0.00","0.00","0.00"
"1021","268439","1050201","000104450000042","1","9/30/2025","-9134.56","0.00","-74.40","0.00","0.00","24000000.00","-9134.56","LN","0.00","0.00","0.00","0.00","-9134.56","0.00","-74.40","0.00","0.00","0.00","0.00","0.00","0.00","-88918.13","-88918.13","12917874.00","0.00","0.00","0.00","0.00","0.00"
"1022","289039","1050201","000104450000042","1","10/31/2025","-9212.06","0.00","-77.50","0.00","0.00","24000000.00","-9212.06","LN","0.00","0.00","0.00","0.00","-9212.06","0.00","-77.50","0.00","0.00","0.00","0.00","0.00","0.00","-88918.13","-88918.13","12917874.00","0.00","0.00","0.00","0.00","0.00"
"1023","292833","1050201","000104450000042","1","11/30/2025","-9287.66","0.00","-75.60","0.00","0.00","24000000.00","-9287.66","LN","0.00","0.00","0.00","0.00","-9287.66","0.00","-75.60","0.00","0.00","0.00","0.00","0.00","0.00","-88918.13","-88918.13","12917874.00","0.00","0.00","0.00","0.00","0.00"
"1024","325226","1050201","000104450000042","1","12/31/2025","-9287.66","0.00","0.00","0.00","0.00","24000000.00","-9287.66","LN","0.00","0.00","0.00","0.00","-9287.66","0.00","0.00","0.00","0.00","0.00","0.00","0.00","0.00","-88918.13","-88918.13","12917874.00","0.00","0.00","0.00","0.00","0.00"
"1025","329024","1050201","000104450000042","1","1/31/2026","-9287.66","0.00","0.00","0.00","0.00","24000000.00","-9287.66","LN","0.00","0.00","0.00","0.00","-9287.66","0.00","0.00","0.00","0.00","0.00","0.00","0.00","0.00","-88918.13","-88918.13","12917874.00","0.00","0.00","0.00","0.00","0.00"
"1026","332838","1050201","000104450000042","1","2/28/2026","-9287.66","0.00","0.00","0.00","0.00","24000000.00","-9287.66","LN","0.00","0.00","0.00","0.00","-9287.66","0.00","0.00","0.00","0.00","0.00","0.00","0.00","0.00","-88918.13","-88918.13","12917874.00","0.00","0.00","0.00","0.00","0.00"
"1027","336637","1050201","000104450000042","1","3/31/2026","-9287.66","0.00","0.00","0.00","0.00","24000000.00","-9287.66","LN","0.00","0.00","0.00","0.00","-9287.66","0.00","0.00","0.00","0.00","0.00","0.00","0.00","0.00","-88918.13","-88918.13","12917874.00","0.00","0.00","0.00","0.00","0.00"
"1028","340418","1050201","000104450000042","1","4/30/2026","-9287.66","0.00","0.00","0.00","0.00","24000000.00","-9287.66","LN","0.00","0.00","0.00","0.00","-9287.66","0.00","0.00","0.00","0.00","0.00","0.00","0.00","0.00","-88918.13","-88918.13","12917874.00","0.00","0.00","0.00","0.00","0.00"
"1029","344198","1050201","000104450000042","1","5/31/2026","-9287.66","0.00","0.00","0.00","0.00","24000000.00","-9287.66","LN","0.00","0.00","0.00","0.00","-9287.66","0.00","0.00","0.00","0.00","0.00","0.00","0.00","0.00","-88918.13","-88918.13","12917874.00","0.00","0.00","0.00","0.00","0.00"
"1030","347979","1050201","000104450000042","1","6/30/2026","0.00","9287.66","0.00","0.00","0.00","24000000.00","0.00","LN","0.00","0.00","0.00","0.00","0.00","9287.66","0.00","0.00","0.00","0.00","0.00","0.00","0.00","-88918.13","-88918.13","12917874.00","0.00","0.00","0.00","0.00","0.00"
"1031","256214","1050201","000104450000045","1","7/31/2024","-9665903.74","1605000.00","-11270903.74","0.00","0.00","10000000.00","-9665903.74","LN","0.00","0.00","0.00","0.00","-9665903.74","1605000.00","-11270903.74","0.00","0.00","0.00","0.00","0.00","0.00","0.00","0.00","0.00","0.00","0.00","0.00","0.00","0.00"
"1032","256215","1050201","000104450000045","1","8/31/2024","-9747997.72","0.00","-82093.98","0.00","0.00","10000000.00","-9747997.72","LN","0.00","0.00","0.00","0.00","-9747997.72","0.00","-82093.98","0.00","0.00","0.00","0.00","0.00","0.00","0.00","0.00","0.00","0.00","0.00","0.00","0.00","0.00"
"1033","256216","1050201","000104450000045","1","9/30/2024","-9292385.37","535000.00","-79387.65","0.00","0.00","10000000.00","-9292385.37","LN","0.00","0.00","0.00","0.00","-9292385.37","535000.00","-79387.65","0.00","0.00","0.00","0.00","0.00","0.00","0.00","0.00","0.00","0.00","0.00","0.00","0.00","0.00"
"1034","256217","1050201","000104450000045","1","10/31/2024","-9371307.00","0.00","-78921.63","0.00","0.00","10000000.00","-9371307.00","LN","0.00","0.00","0.00","0.00","-9371307.00","0.00","-78921.63","0.00","0.00","0.00","0.00","0.00","0.00","0.00","0.00","0.00","0.00","0.00","0.00","0.00","0.00"
"1035","256218","1050201","000104450000045","1","11/30/2024","-9448331.40","0.00","-77024.40","0.00","0.00","10000000.00","-9448331.40","LN","0.00","0.00","0.00","0.00","-9448331.40","0.00","-77024.40","0.00","0.00","0.00","0.00","0.00","0.00","0.00","0.00","0.00","0.00","0.00","0.00","0.00","0.00"
"1036","256219","1050201","000104450000045","1","12/31/2024","-5845210.00","3662875.00","-59753.60","0.00","0.00","10000000.00","-5845210.00","LN","0.00","0.00","0.00","0.00","-5845210.00","3662875.00","-59753.60","0.00","0.00","0.00","0.00","0.00","0.00","0.00","0.00","0.00","0.00","0.00","0.00","0.00","0.00"
"1037","256220","1050201","000104450000045","1","1/31/2025","-3961710.00","1883500.00","0.00","0.00","0.00","10000000.00","-3961710.00","LN","0.00","0.00","0.00","0.00","-3961710.00","1883500.00","0.00","0.00","0.00","0.00","0.00","0.00","0.00","0.00","0.00","0.00","0.00","0.00","0.00","0.00","0.00"
"1038","256221","1050201","000104450000045","1","2/28/2025","-4041229.50","0.00","-79519.50","0.00","0.00","10000000.00","-4041229.50","LN","0.00","0.00","0.00","0.00","-4041229.50","0.00","-79519.50","0.00","0.00","0.00","0.00","0.00","0.00","0.00","0.00","0.00","0.00","0.00","0.00","0.00","0.00"
"1039","256222","1050201","000104450000045","1","3/31/2025","-4075552.39","0.00","-34322.89","0.00","0.00","10000000.00","-4075552.39","LN","0.00","0.00","0.00","0.00","-4075552.39","0.00","-34322.89","0.00","0.00","0.00","0.00","0.00","0.00","0.00","0.00","0.00","0.00","0.00","0.00","0.00","0.00"
"1040","256223","1050201","000104450000045","1","4/30/2025","-4109050.09","0.00","-33497.70","0.00","0.00","10000000.00","-4109050.09","LN","0.00","0.00","0.00","0.00","-4109050.09","0.00","-33497.70","0.00","0.00","0.00","0.00","0.00","0.00","0.00","0.00","0.00","0.00","0.00","0.00","0.00","0.00"
"1041","256224","1050201","000104450000045","1","5/31/2025","-4143948.96","0.00","-34898.87","0.00","0.00","10000000.00","-4143948.96","LN","0.00","0.00","0.00","0.00","-4143948.96","0.00","-34898.87","0.00","0.00","0.00","0.00","0.00","0.00","0.00","0.00","0.00","0.00","0.00","0.00","0.00","0.00"
"1042","256225","1050201","000104450000045","1","6/30/2025","-4178008.86","0.00","-34059.90","0.00","0.00","10000000.00","-4178008.86","LN","0.00","0.00","0.00","0.00","-4178008.86","0.00","-34059.90","0.00","0.00","0.00","0.00","0.00","0.00","0.00","0.00","0.00","0.00","0.00","0.00","0.00","0.00"
"1043","256226","1050201","000104450000045","1","7/31/2025","-4213493.32","0.00","-35484.46","0.00","0.00","10000000.00","-4213493.32","LN","0.00","0.00","0.00","0.00","-4213493.32","0.00","-35484.46","0.00","0.00","0.00","0.00","0.00","0.00","0.00","0.00","0.00","0.00","0.00","0.00","0.00","0.00"
"1044","260846","1050201","000104450000045","1","8/31/2025","-4249134.58","0.00","-35641.26","0.00","0.00","10000000.00","-4249134.58","LN","0.00","0.00","0.00","0.00","-4249134.58","0.00","-35641.26","0.00","0.00","0.00","0.00","0.00","0.00","-556701.93","-556701.93","7686375.00","0.00","0.00","0.00","0.00","0.00"
"1045","268440","1050201","000104450000045","1","9/30/2025","-4284059.08","0.00","-34924.50","0.00","0.00","10000000.00","-4284059.08","LN","0.00","0.00","0.00","0.00","-4284059.08","0.00","-34924.50","0.00","0.00","0.00","0.00","0.00","0.00","-556701.93","-556701.93","7686375.00","0.00","0.00","0.00","0.00","0.00"
"1046","289040","1050201","000104450000045","1","10/31/2025","-4320444.09","0.00","-36385.01","0.00","0.00","10000000.00","-4320444.09","LN","0.00","0.00","0.00","0.00","-4320444.09","0.00","-36385.01","0.00","0.00","0.00","0.00","0.00","0.00","-556701.93","-556701.93","7686375.00","0.00","0.00","0.00","0.00","0.00"
"1047","292834","1050201","000104450000045","1","11/30/2025","-4355954.49","0.00","-35510.40","0.00","0.00","10000000.00","-4355954.49","LN","0.00","0.00","0.00","0.00","-4355954.49","0.00","-35510.40","0.00","0.00","0.00","0.00","0.00","0.00","-556701.93","-556701.93","7686375.00","0.00","0.00","0.00","0.00","0.00"
"1048","325227","1050201","000104450000045","1","12/31/2025","-4355954.49","0.00","0.00","0.00","0.00","10000000.00","-4355954.49","LN","0.00","0.00","0.00","0.00","-4355954.49","0.00","0.00","0.00","0.00","0.00","0.00","0.00","0.00","-556701.93","-556701.93","7686375.00","0.00","0.00","0.00","0.00","0.00"
"1049","329025","1050201","000104450000045","1","1/31/2026","-4355954.49","0.00","0.00","0.00","0.00","10000000.00","-4355954.49","LN","0.00","0.00","0.00","0.00","-4355954.49","0.00","0.00","0.00","0.00","0.00","0.00","0.00","0.00","-556701.93","-556701.93","7686375.00","0.00","0.00","0.00","0.00","0.00"
"1050","332839","1050201","000104450000045","1","2/28/2026","-4355954.49","0.00","0.00","0.00","0.00","10000000.00","-4355954.49","LN","0.00","0.00","0.00","0.00","-4355954.49","0.00","0.00","0.00","0.00","0.00","0.00","0.00","0.00","-556701.93","-556701.93","7686375.00","0.00","0.00","0.00","0.00","0.00"
"1051","336638","1050201","000104450000045","1","3/31/2026","-4355954.49","0.00","0.00","0.00","0.00","10000000.00","-4355954.49","LN","0.00","0.00","0.00","0.00","-4355954.49","0.00","0.00","0.00","0.00","0.00","0.00","0.00","0.00","-556701.93","-556701.93","7686375.00","0.00","0.00","0.00","0.00","0.00"
"1052","340419","1050201","000104450000045","1","4/30/2026","-4355954.49","0.00","0.00","0.00","0.00","10000000.00","-4355954.49","LN","0.00","0.00","0.00","0.00","-4355954.49","0.00","0.00","0.00","0.00","0.00","0.00","0.00","0.00","-556701.93","-556701.93","7686375.00","0.00","0.00","0.00","0.00","0.00"
"1053","344199","1050201","000104450000045","1","5/31/2026","-4355954.49","0.00","0.00","0.00","0.00","10000000.00","-4355954.49","LN","0.00","0.00","0.00","0.00","-4355954.49","0.00","0.00","0.00","0.00","0.00","0.00","0.00","0.00","-556701.93","-556701.93","7686375.00","0.00","0.00","0.00","0.00","0.00"
"1054","347980","1050201","000104450000045","1","6/30/2026","0.00","4355954.49","0.00","0.00","0.00","10000000.00","0.00","LN","0.00","0.00","0.00","0.00","0.00","4355954.49","0.00","0.00","0.00","0.00","0.00","0.00","0.00","-556701.93","-556701.93","7686375.00","0.00","0.00","0.00","0.00","0.00"
"1055","256227","1050201","000104450000046","1","7/31/2024","-8409229.20","5100000.00","-13509229.20","0.00","0.00","12000000.00","-8409229.20","LN","0.00","0.00","0.00","0.00","-8409229.20","5100000.00","-13509229.20","0.00","0.00","0.00","0.00","0.00","0.00","0.00","0.00","0.00","0.00","0.00","0.00","0.00","0.00"
"1056","256228","1050201","000104450000046","1","8/31/2024","-7880485.66","600000.00","-71256.46","0.00","0.00","12000000.00","-7880485.66","LN","0.00","0.00","0.00","0.00","-7880485.66","600000.00","-71256.46","0.00","0.00","0.00","0.00","0.00","0.00","0.00","0.00","0.00","0.00","0.00","0.00","0.00","0.00"
"1057","256229","1050201","000104450000046","1","9/30/2024","-7945256.78","0.00","-64771.12","0.00","0.00","12000000.00","-7945256.78","LN","0.00","0.00","0.00","0.00","-7945256.78","0.00","-64771.12","0.00","0.00","0.00","0.00","0.00","0.00","0.00","0.00","0.00","0.00","0.00","0.00","0.00","0.00"
"1058","256230","1050201","000104450000046","1","10/31/2024","-7207695.95","800000.00","-62439.17","0.00","0.00","12000000.00","-7207695.95","LN","0.00","0.00","0.00","0.00","-7207695.95","800000.00","-62439.17","0.00","0.00","0.00","0.00","0.00","0.00","0.00","0.00","0.00","0.00","0.00","0.00","0.00","0.00"
"1059","256231","1050201","000104450000046","1","11/30/2024","-7266937.25","0.00","-59241.30","0.00","0.00","12000000.00","-7266937.25","LN","0.00","0.00","0.00","0.00","-7266937.25","0.00","-59241.30","0.00","0.00","0.00","0.00","0.00","0.00","0.00","0.00","0.00","0.00","0.00","0.00","0.00","0.00"
"1060","256232","1050201","000104450000046","1","12/31/2024","-5325167.93","2000000.00","-58230.68","0.00","0.00","12000000.00","-5325167.93","LN","0.00","0.00","0.00","0.00","-5325167.93","2000000.00","-58230.68","0.00","0.00","0.00","0.00","0.00","0.00","0.00","0.00","0.00","0.00","0.00","0.00","0.00","0.00"
"1061","256233","1050201","000104450000046","1","1/31/2025","-1725167.93","3600000.00","0.00","0.00","0.00","12000000.00","-1725167.93","LN","0.00","0.00","0.00","0.00","-1725167.93","3600000.00","0.00","0.00","0.00","0.00","0.00","0.00","0.00","0.00","0.00","0.00","0.00","0.00","0.00","0.00","0.00"
"1062","256234","1050201","000104450000046","1","2/28/2025","-1377492.59","400000.00","-52324.66","0.00","0.00","12000000.00","-1377492.59","LN","0.00","0.00","0.00","0.00","-1377492.59","400000.00","-52324.66","0.00","0.00","0.00","0.00","0.00","0.00","0.00","0.00","0.00","0.00","0.00","0.00","0.00","0.00"
"1063","256235","1050201","000104450000046","1","3/31/2025","-386178.21","1000000.00","-8685.62","0.00","0.00","12000000.00","-386178.21","LN","0.00","0.00","0.00","0.00","-386178.21","1000000.00","-8685.62","0.00","0.00","0.00","0.00","0.00","0.00","0.00","0.00","0.00","0.00","0.00","0.00","0.00","0.00"
"1064","256236","1050201","000104450000046","1","4/30/2025","-389352.21","0.00","-3174.00","0.00","0.00","12000000.00","-389352.21","LN","0.00","0.00","0.00","0.00","-389352.21","0.00","-3174.00","0.00","0.00","0.00","0.00","0.00","0.00","0.00","0.00","0.00","0.00","0.00","0.00","0.00","0.00"
"1065","256237","1050201","000104450000046","1","5/31/2025","-392658.98","0.00","-3306.77","0.00","0.00","12000000.00","-392658.98","LN","0.00","0.00","0.00","0.00","-392658.98","0.00","-3306.77","0.00","0.00","0.00","0.00","0.00","0.00","0.00","0.00","0.00","0.00","0.00","0.00","0.00","0.00"
"1066","256238","1050201","000104450000046","1","6/30/2025","-395886.38","0.00","-3227.40","0.00","0.00","12000000.00","-395886.38","LN","0.00","0.00","0.00","0.00","-395886.38","0.00","-3227.40","0.00","0.00","0.00","0.00","0.00","0.00","0.00","0.00","0.00","0.00","0.00","0.00","0.00","0.00"
"1067","256239","1050201","000104450000046","1","7/31/2025","-399248.64","0.00","-3362.26","0.00","0.00","12000000.00","-399248.64","LN","0.00","0.00","0.00","0.00","-399248.64","0.00","-3362.26","0.00","0.00","0.00","0.00","0.00","0.00","0.00","0.00","0.00","0.00","0.00","0.00","0.00","0.00"
"1068","260847","1050201","000104450000046","1","8/31/2025","-359196.00","43400.00","-3347.36","0.00","0.00","12000000.00","-359196.00","LN","0.00","0.00","0.00","0.00","-359196.00","43400.00","-3347.36","0.00","0.00","0.00","0.00","0.00","0.00","-488264.77","-488264.77","13500000.00","0.00","0.00","0.00","0.00","0.00"
"1069","268441","1050201","000104450000046","1","9/30/2025","-362148.30","0.00","-2952.30","0.00","0.00","12000000.00","-362148.30","LN","0.00","0.00","0.00","0.00","-362148.30","0.00","-2952.30","0.00","0.00","0.00","0.00","0.00","0.00","-488264.77","-488264.77","13500000.00","0.00","0.00","0.00","0.00","0.00"
"1070","289041","1050201","000104450000046","1","10/31/2025","-365224.12","0.00","-3075.82","0.00","0.00","12000000.00","-365224.12","LN","0.00","0.00","0.00","0.00","-365224.12","0.00","-3075.82","0.00","0.00","0.00","0.00","0.00","0.00","-488264.77","-488264.77","13500000.00","0.00","0.00","0.00","0.00","0.00"
"1071","292835","1050201","000104450000046","1","11/30/2025","-368225.92","0.00","-3001.80","0.00","0.00","12000000.00","-368225.92","LN","0.00","0.00","0.00","0.00","-368225.92","0.00","-3001.80","0.00","0.00","0.00","0.00","0.00","0.00","-488264.77","-488264.77","13500000.00","0.00","0.00","0.00","0.00","0.00"
"1072","325228","1050201","000104450000046","1","12/31/2025","-368225.92","0.00","0.00","0.00","0.00","12000000.00","-368225.92","LN","0.00","0.00","0.00","0.00","-368225.92","0.00","0.00","0.00","0.00","0.00","0.00","0.00","0.00","-488264.77","-488264.77","13500000.00","0.00","0.00","0.00","0.00","0.00"
"1073","329026","1050201","000104450000046","1","1/31/2026","-368225.92","0.00","0.00","0.00","0.00","12000000.00","-368225.92","LN","0.00","0.00","0.00","0.00","-368225.92","0.00","0.00","0.00","0.00","0.00","0.00","0.00","0.00","-488264.77","-488264.77","13500000.00","0.00","0.00","0.00","0.00","0.00"
"1074","332840","1050201","000104450000046","1","2/28/2026","-368225.92","0.00","0.00","0.00","0.00","12000000.00","-368225.92","LN","0.00","0.00","0.00","0.00","-368225.92","0.00","0.00","0.00","0.00","0.00","0.00","0.00","0.00","-488264.77","-488264.77","13500000.00","0.00","0.00","0.00","0.00","0.00"
"1075","336639","1050201","000104450000046","1","3/31/2026","-368225.92","0.00","0.00","0.00","0.00","12000000.00","-368225.92","LN","0.00","0.00","0.00","0.00","-368225.92","0.00","0.00","0.00","0.00","0.00","0.00","0.00","0.00","-488264.77","-488264.77","13500000.00","0.00","0.00","0.00","0.00","0.00"
"1076","340420","1050201","000104450000046","1","4/30/2026","-368225.92","0.00","0.00","0.00","0.00","12000000.00","-368225.92","LN","0.00","0.00","0.00","0.00","-368225.92","0.00","0.00","0.00","0.00","0.00","0.00","0.00","0.00","-488264.77","-488264.77","13500000.00","0.00","0.00","0.00","0.00","0.00"
"1077","344200","1050201","000104450000046","1","5/31/2026","-368225.92","0.00","0.00","0.00","0.00","12000000.00","-368225.92","LN","0.00","0.00","0.00","0.00","-368225.92","0.00","0.00","0.00","0.00","0.00","0.00","0.00","0.00","-488264.77","-488264.77","13500000.00","0.00","0.00","0.00","0.00","0.00"
"1078","347981","1050201","000104450000046","1","6/30/2026","0.00","368225.92","0.00","0.00","0.00","12000000.00","0.00","LN","0.00","0.00","0.00","0.00","0.00","368225.92","0.00","0.00","0.00","0.00","0.00","0.00","0.00","-488264.77","-488264.77","13500000.00","0.00","0.00","0.00","0.00","0.00"
"1079","256240","1050201","000104450000048","1","7/31/2024","-5595712.86","21300000.00","-26895712.86","0.00","0.00","24000000.00","-5595712.86","LN","0.00","0.00","0.00","0.00","-5595712.86","21300000.00","-26895712.86","0.00","0.00","0.00","0.00","0.00","0.00","0.00","0.00","0.00","0.00","0.00","0.00","0.00","0.00"
"1080","256241","1050201","000104450000048","1","8/31/2024","-5643238.09","0.00","-47525.23","0.00","0.00","24000000.00","-5643238.09","LN","0.00","0.00","0.00","0.00","-5643238.09","0.00","-47525.23","0.00","0.00","0.00","0.00","0.00","0.00","0.00","0.00","0.00","0.00","0.00","0.00","0.00","0.00"
"1081","256242","1050201","000104450000048","1","9/30/2024","-3174552.37","2500000.00","-31314.28","0.00","0.00","24000000.00","-3174552.37","LN","0.00","0.00","0.00","0.00","-3174552.37","2500000.00","-31314.28","0.00","0.00","0.00","0.00","0.00","0.00","0.00","0.00","0.00","0.00","0.00","0.00","0.00","0.00"
"1082","256243","1050201","000104450000048","1","10/31/2024","-1685.92","3189000.00","-16133.55","0.00","0.00","24000000.00","-1685.92","LN","0.00","0.00","0.00","0.00","-1685.92","3189000.00","-16133.55","0.00","0.00","0.00","0.00","0.00","0.00","0.00","0.00","0.00","0.00","0.00","0.00","0.00","0.00"
"1083","256244","1050201","000104450000048","1","11/30/2024","-1699.72","6528000.00","-6528013.80","0.00","0.00","24000000.00","-1699.72","LN","0.00","0.00","0.00","0.00","-1699.72","6528000.00","-6528013.80","0.00","0.00","0.00","0.00","0.00","0.00","0.00","0.00","0.00","0.00","0.00","0.00","0.00","0.00"
"1084","256245","1050201","000104450000048","1","12/31/2024","-1714.76","0.00","-15.04","0.00","0.00","24000000.00","-1714.76","LN","0.00","0.00","0.00","0.00","-1714.76","0.00","-15.04","0.00","0.00","0.00","0.00","0.00","0.00","0.00","0.00","0.00","0.00","0.00","0.00","0.00","0.00"
"1085","256246","1050201","000104450000048","1","1/31/2025","-1714.76","0.00","0.00","0.00","0.00","24000000.00","-1714.76","LN","0.00","0.00","0.00","0.00","-1714.76","0.00","0.00","0.00","0.00","0.00","0.00","0.00","0.00","0.00","0.00","0.00","0.00","0.00","0.00","0.00","0.00"
"1086","256247","1050201","000104450000048","1","2/28/2025","-1742.49","0.00","-27.73","0.00","0.00","24000000.00","-1742.49","LN","0.00","0.00","0.00","0.00","-1742.49","0.00","-27.73","0.00","0.00","0.00","0.00","0.00","0.00","0.00","0.00","0.00","0.00","0.00","0.00","0.00","0.00"
"1087","256248","1050201","000104450000048","1","3/31/2025","-1757.37","0.00","-14.88","0.00","0.00","24000000.00","-1757.37","LN","0.00","0.00","0.00","0.00","-1757.37","0.00","-14.88","0.00","0.00","0.00","0.00","0.00","0.00","0.00","0.00","0.00","0.00","0.00","0.00","0.00","0.00"
"1088","256249","1050201","000104450000048","1","4/30/2025","-1771.77","0.00","-14.40","0.00","0.00","24000000.00","-1771.77","LN","0.00","0.00","0.00","0.00","-1771.77","0.00","-14.40","0.00","0.00","0.00","0.00","0.00","0.00","0.00","0.00","0.00","0.00","0.00","0.00","0.00","0.00"
"1089","256250","1050201","000104450000048","1","5/31/2025","-1786.96","0.00","-15.19","0.00","0.00","24000000.00","-1786.96","LN","0.00","0.00","0.00","0.00","-1786.96","0.00","-15.19","0.00","0.00","0.00","0.00","0.00","0.00","0.00","0.00","0.00","0.00","0.00","0.00","0.00","0.00"
"1090","256251","1050201","000104450000048","1","6/30/2025","-1801.66","0.00","-14.70","0.00","0.00","24000000.00","-1801.66","LN","0.00","0.00","0.00","0.00","-1801.66","0.00","-14.70","0.00","0.00","0.00","0.00","0.00","0.00","0.00","0.00","0.00","0.00","0.00","0.00","0.00","0.00"
"1091","256252","1050201","000104450000048","1","7/31/2025","-1816.85","0.00","-15.19","0.00","0.00","24000000.00","-1816.85","LN","0.00","0.00","0.00","0.00","-1816.85","0.00","-15.19","0.00","0.00","0.00","0.00","0.00","0.00","0.00","0.00","0.00","0.00","0.00","0.00","0.00","0.00"
"1092","260848","1050201","000104450000048","1","8/31/2025","-1832.24","0.00","-15.39","0.00","0.00","24000000.00","-1832.24","LN","0.00","0.00","0.00","0.00","-1832.24","0.00","-15.39","0.00","0.00","0.00","0.00","0.00","0.00","-333942.07","-333942.07","26989000.00","0.00","0.00","0.00","0.00","0.00"
"1093","268442","1050201","000104450000048","1","9/30/2025","-1847.24","0.00","-15.00","0.00","0.00","24000000.00","-1847.24","LN","0.00","0.00","0.00","0.00","-1847.24","0.00","-15.00","0.00","0.00","0.00","0.00","0.00","0.00","-333942.07","-333942.07","26989000.00","0.00","0.00","0.00","0.00","0.00"
"1094","289042","1050201","000104450000048","1","10/31/2025","-1863.05","0.00","-15.81","0.00","0.00","24000000.00","-1863.05","LN","0.00","0.00","0.00","0.00","-1863.05","0.00","-15.81","0.00","0.00","0.00","0.00","0.00","0.00","-333942.07","-333942.07","26989000.00","0.00","0.00","0.00","0.00","0.00"
"1095","292836","1050201","000104450000048","1","11/30/2025","-1878.35","0.00","-15.30","0.00","0.00","24000000.00","-1878.35","LN","0.00","0.00","0.00","0.00","-1878.35","0.00","-15.30","0.00","0.00","0.00","0.00","0.00","0.00","-333942.07","-333942.07","26989000.00","0.00","0.00","0.00","0.00","0.00"
"1096","325229","1050201","000104450000048","1","12/31/2025","-1878.35","0.00","0.00","0.00","0.00","24000000.00","-1878.35","LN","0.00","0.00","0.00","0.00","-1878.35","0.00","0.00","0.00","0.00","0.00","0.00","0.00","0.00","-333942.07","-333942.07","26989000.00","0.00","0.00","0.00","0.00","0.00"
"1097","329027","1050201","000104450000048","1","1/31/2026","-1878.35","0.00","0.00","0.00","0.00","24000000.00","-1878.35","LN","0.00","0.00","0.00","0.00","-1878.35","0.00","0.00","0.00","0.00","0.00","0.00","0.00","0.00","-333942.07","-333942.07","26989000.00","0.00","0.00","0.00","0.00","0.00"
"1098","332841","1050201","000104450000048","1","2/28/2026","-1878.35","0.00","0.00","0.00","0.00","24000000.00","-1878.35","LN","0.00","0.00","0.00","0.00","-1878.35","0.00","0.00","0.00","0.00","0.00","0.00","0.00","0.00","-333942.07","-333942.07","26989000.00","0.00","0.00","0.00","0.00","0.00"
"1099","336640","1050201","000104450000048","1","3/31/2026","-1878.35","0.00","0.00","0.00","0.00","24000000.00","-1878.35","LN","0.00","0.00","0.00","0.00","-1878.35","0.00","0.00","0.00","0.00","0.00","0.00","0.00","0.00","-333942.07","-333942.07","26989000.00","0.00","0.00","0.00","0.00","0.00"
"1100","340421","1050201","000104450000048","1","4/30/2026","-1878.35","0.00","0.00","0.00","0.00","24000000.00","-1878.35","LN","0.00","0.00","0.00","0.00","-1878.35","0.00","0.00","0.00","0.00","0.00","0.00","0.00","0.00","-333942.07","-333942.07","26989000.00","0.00","0.00","0.00","0.00","0.00"
"1101","344201","1050201","000104450000048","1","5/31/2026","-1878.35","0.00","0.00","0.00","0.00","24000000.00","-1878.35","LN","0.00","0.00","0.00","0.00","-1878.35","0.00","0.00","0.00","0.00","0.00","0.00","0.00","0.00","-333942.07","-333942.07","26989000.00","0.00","0.00","0.00","0.00","0.00"
"1102","347982","1050201","000104450000048","1","6/30/2026","0.00","1878.35","0.00","0.00","0.00","24000000.00","0.00","LN","0.00","0.00","0.00","0.00","0.00","1878.35","0.00","0.00","0.00","0.00","0.00","0.00","0.00","-333942.07","-333942.07","26989000.00","0.00","0.00","0.00","0.00","0.00"
"1103","256253","1050201","000104450000049","1","7/31/2024","-9659076.73","1605000.00","-11264076.73","0.00","0.00","10000000.00","-9659076.73","LN","0.00","0.00","0.00","0.00","-9659076.73","1605000.00","-11264076.73","0.00","0.00","0.00","0.00","0.00","0.00","0.00","0.00","0.00","0.00","0.00","0.00","0.00","0.00"
"1104","256254","1050201","000104450000049","1","8/31/2024","-8740838.75","1000000.00","-81762.02","0.00","0.00","10000000.00","-8740838.75","LN","0.00","0.00","0.00","0.00","-8740838.75","1000000.00","-81762.02","0.00","0.00","0.00","0.00","0.00","0.00","0.00","0.00","0.00","0.00","0.00","0.00","0.00","0.00"
"1105","256255","1050201","000104450000049","1","9/30/2024","-8812681.26","0.00","-71842.51","0.00","0.00","10000000.00","-8812681.26","LN","0.00","0.00","0.00","0.00","-8812681.26","0.00","-71842.51","0.00","0.00","0.00","0.00","0.00","0.00","0.00","0.00","0.00","0.00","0.00","0.00","0.00","0.00"
"1106","256256","1050201","000104450000049","1","10/31/2024","-6882460.20","2000000.00","-69778.94","0.00","0.00","10000000.00","-6882460.20","LN","0.00","0.00","0.00","0.00","-6882460.20","2000000.00","-69778.94","0.00","0.00","0.00","0.00","0.00","0.00","0.00","0.00","0.00","0.00","0.00","0.00","0.00","0.00"
"1107","256257","1050201","000104450000049","1","11/30/2024","-6438891.51","500000.00","-56431.31","0.00","0.00","10000000.00","-6438891.51","LN","0.00","0.00","0.00","0.00","-6438891.51","500000.00","-56431.31","0.00","0.00","0.00","0.00","0.00","0.00","0.00","0.00","0.00","0.00","0.00","0.00","0.00","0.00"
"1108","256258","1050201","000104450000049","1","12/31/2024","-5488081.84","1000000.00","-49190.33","0.00","0.00","10000000.00","-5488081.84","LN","0.00","0.00","0.00","0.00","-5488081.84","1000000.00","-49190.33","0.00","0.00","0.00","0.00","0.00","0.00","0.00","0.00","0.00","0.00","0.00","0.00","0.00","0.00"
"1109","256259","1050201","000104450000049","1","1/31/2025","-4488081.84","1000000.00","0.00","0.00","0.00","10000000.00","-4488081.84","LN","0.00","0.00","0.00","0.00","-4488081.84","1000000.00","0.00","0.00","0.00","0.00","0.00","0.00","0.00","0.00","0.00","0.00","0.00","0.00","0.00","0.00","0.00"
"1110","256260","1050201","000104450000049","1","2/28/2025","-4067341.15","500000.00","-79259.31","0.00","0.00","10000000.00","-4067341.15","LN","0.00","0.00","0.00","0.00","-4067341.15","500000.00","-79259.31","0.00","0.00","0.00","0.00","0.00","0.00","0.00","0.00","0.00","0.00","0.00","0.00","0.00","0.00"
"1111","256261","1050201","000104450000049","1","3/31/2025","-4101885.69","0.00","-34544.54","0.00","0.00","10000000.00","-4101885.69","LN","0.00","0.00","0.00","0.00","-4101885.69","0.00","-34544.54","0.00","0.00","0.00","0.00","0.00","0.00","0.00","0.00","0.00","0.00","0.00","0.00","0.00","0.00"
"1112","256262","1050201","000104450000049","1","4/30/2025","-3133407.93","1000000.00","-31522.24","0.00","0.00","10000000.00","-3133407.93","LN","0.00","0.00","0.00","0.00","-3133407.93","1000000.00","-31522.24","0.00","0.00","0.00","0.00","0.00","0.00","0.00","0.00","0.00","0.00","0.00","0.00","0.00","0.00"
"1113","256263","1050201","000104450000049","1","5/31/2025","-2159061.58","1000000.00","-25653.65","0.00","0.00","10000000.00","-2159061.58","LN","0.00","0.00","0.00","0.00","-2159061.58","1000000.00","-25653.65","0.00","0.00","0.00","0.00","0.00","0.00","0.00","0.00","0.00","0.00","0.00","0.00","0.00","0.00"
"1114","256264","1050201","000104450000049","1","6/30/2025","-2176807.18","0.00","-17745.60","0.00","0.00","10000000.00","-2176807.18","LN","0.00","0.00","0.00","0.00","-2176807.18","0.00","-17745.60","0.00","0.00","0.00","0.00","0.00","0.00","0.00","0.00","0.00","0.00","0.00","0.00","0.00","0.00"
"1115","256265","1050201","000104450000049","1","7/31/2025","-1694884.30","500000.00","-18077.12","0.00","0.00","10000000.00","-1694884.30","LN","0.00","0.00","0.00","0.00","-1694884.30","500000.00","-18077.12","0.00","0.00","0.00","0.00","0.00","0.00","0.00","0.00","0.00","0.00","0.00","0.00","0.00","0.00"
"1116","260849","1050201","000104450000049","1","8/31/2025","-1208912.86","500000.00","-14028.56","0.00","0.00","10000000.00","-1208912.86","LN","0.00","0.00","0.00","0.00","-1208912.86","500000.00","-14028.56","0.00","0.00","0.00","0.00","0.00","0.00","-525451.47","-525451.47","10105000.00","0.00","0.00","0.00","0.00","0.00"
"1117","268443","1050201","000104450000049","1","9/30/2025","-1218849.16","0.00","-9936.30","0.00","0.00","10000000.00","-1218849.16","LN","0.00","0.00","0.00","0.00","-1218849.16","0.00","-9936.30","0.00","0.00","0.00","0.00","0.00","0.00","-525451.47","-525451.47","10105000.00","0.00","0.00","0.00","0.00","0.00"
"1118","289043","1050201","000104450000049","1","10/31/2025","-1229200.99","0.00","-10351.83","0.00","0.00","10000000.00","-1229200.99","LN","0.00","0.00","0.00","0.00","-1229200.99","0.00","-10351.83","0.00","0.00","0.00","0.00","0.00","0.00","-525451.47","-525451.47","10105000.00","0.00","0.00","0.00","0.00","0.00"
"1119","292837","1050201","000104450000049","1","11/30/2025","-1239304.09","0.00","-10103.10","0.00","0.00","10000000.00","-1239304.09","LN","0.00","0.00","0.00","0.00","-1239304.09","0.00","-10103.10","0.00","0.00","0.00","0.00","0.00","0.00","-525451.47","-525451.47","10105000.00","0.00","0.00","0.00","0.00","0.00"
"1120","325230","1050201","000104450000049","1","12/31/2025","-1249829.83","0.00","-10525.74","0.00","0.00","10000000.00","-1249829.83","LN","0.00","0.00","0.00","0.00","-1249829.83","0.00","-10525.74","0.00","0.00","0.00","0.00","0.00","0.00","-525451.47","-525451.47","10105000.00","0.00","0.00","0.00","0.00","0.00"
"1121","329028","1050201","000104450000049","1","1/31/2026","-1260444.85","0.00","-10615.02","0.00","0.00","10000000.00","-1260444.85","LN","0.00","0.00","0.00","0.00","-1260444.85","0.00","-10615.02","0.00","0.00","0.00","0.00","0.00","0.00","-525451.47","-525451.47","10105000.00","0.00","0.00","0.00","0.00","0.00"
"1122","332842","1050201","000104450000049","1","2/28/2026","-1270114.09","0.00","-9669.24","0.00","0.00","10000000.00","-1270114.09","LN","0.00","0.00","0.00","0.00","-1270114.09","0.00","-9669.24","0.00","0.00","0.00","0.00","0.00","0.00","-525451.47","-525451.47","10105000.00","0.00","0.00","0.00","0.00","0.00"
"1123","336641","1050201","000104450000049","1","3/31/2026","-1280901.47","0.00","-10787.38","0.00","0.00","10000000.00","-1280901.47","LN","0.00","0.00","0.00","0.00","-1280901.47","0.00","-10787.38","0.00","0.00","0.00","0.00","0.00","0.00","-525451.47","-525451.47","10105000.00","0.00","0.00","0.00","0.00","0.00"
"1124","340422","1050201","000104450000049","1","4/30/2026","-1291429.37","0.00","-10527.90","0.00","0.00","10000000.00","-1291429.37","LN","0.00","0.00","0.00","0.00","-1291429.37","0.00","-10527.90","0.00","0.00","0.00","0.00","0.00","0.00","-525451.47","-525451.47","10105000.00","0.00","0.00","0.00","0.00","0.00"
"1125","344202","1050201","000104450000049","1","5/31/2026","-31247.71","1260444.85","-263.19","0.00","0.00","10000000.00","-31247.71","LN","0.00","0.00","0.00","0.00","-31247.71","1260444.85","-263.19","0.00","0.00","0.00","0.00","0.00","0.00","-525451.47","-525451.47","10105000.00","0.00","0.00","0.00","0.00","0.00"
"1126","347983","1050201","000104450000049","1","6/30/2026","-31504.51","0.00","-256.80","0.00","0.00","10000000.00","-31504.51","LN","0.00","0.00","0.00","0.00","-31504.51","0.00","-256.80","0.00","0.00","0.00","0.00","0.00","0.00","-525451.47","-525451.47","10105000.00","0.00","0.00","0.00","0.00","0.00"
"1127","351754","1050201","000104450000049","1","7/31/2026","-31772.04","0.00","-267.53","0.00","0.00","10000000.00","-31772.04","LN","0.00","0.00","0.00","0.00","-31772.04","0.00","-267.53","0.00","0.00","0.00","0.00","0.00","0.00","-525451.47","-525451.47","10105000.00","0.00","0.00","0.00","0.00","0.00"
"1128","355519","1050201","000104450000049","1","8/31/2026","-32041.74","0.00","-269.70","0.00","0.00","10000000.00","-32041.74","LN","0.00","0.00","0.00","0.00","-32041.74","0.00","-269.70","0.00","0.00","0.00","0.00","0.00","0.00","-525451.47","-525451.47","10105000.00","0.00","0.00","0.00","0.00","0.00"
"1129","256266","1050201","000104450000050","1","7/31/2024","-2037114.96","9205234.42","-11242349.38","0.00","0.00","10000000.00","-2037114.96","LN","0.00","0.00","0.00","0.00","-2037114.96","9205234.42","-11242349.38","0.00","0.00","0.00","0.00","0.00","0.00","0.00","0.00","0.00","0.00","0.00","0.00","0.00","0.00"
"1130","256267","1050201","000104450000050","1","8/31/2024","-2054416.48","0.00","-17301.52","0.00","0.00","10000000.00","-2054416.48","LN","0.00","0.00","0.00","0.00","-2054416.48","0.00","-17301.52","0.00","0.00","0.00","0.00","0.00","0.00","0.00","0.00","0.00","0.00","0.00","0.00","0.00","0.00"
"1131","256268","1050201","000104450000050","1","9/30/2024","-1535002.92","534250.00","-14836.44","0.00","0.00","10000000.00","-1535002.92","LN","0.00","0.00","0.00","0.00","-1535002.92","534250.00","-14836.44","0.00","0.00","0.00","0.00","0.00","0.00","0.00","0.00","0.00","0.00","0.00","0.00","0.00","0.00"
"1132","256269","1050201","000104450000050","1","10/31/2024","-1072059.38","473000.00","-10056.46","0.00","0.00","10000000.00","-1072059.38","LN","0.00","0.00","0.00","0.00","-1072059.38","473000.00","-10056.46","0.00","0.00","0.00","0.00","0.00","0.00","0.00","0.00","0.00","0.00","0.00","0.00","0.00","0.00"
"1133","256270","1050201","000104450000050","1","11/30/2024","189191.58","1269474.84","-8223.88","0.00","0.00","10000000.00","189191.58","LN","0.00","0.00","0.00","0.00","189191.58","1269474.84","-8223.88","0.00","0.00","0.00","0.00","0.00","0.00","0.00","0.00","0.00","0.00","0.00","0.00","0.00","0.00"
"1134","256271","1050201","000104450000050","1","12/31/2024","189191.58","0.00","0.00","0.00","0.00","10000000.00","189191.58","LN","0.00","0.00","0.00","0.00","189191.58","0.00","0.00","0.00","0.00","0.00","0.00","0.00","0.00","0.00","0.00","0.00","0.00","0.00","0.00","0.00","0.00"
"1135","256272","1050201","000104450000050","1","1/31/2025","189191.58","0.00","0.00","0.00","0.00","10000000.00","189191.58","LN","0.00","0.00","0.00","0.00","189191.58","0.00","0.00","0.00","0.00","0.00","0.00","0.00","0.00","0.00","0.00","0.00","0.00","0.00","0.00","0.00","0.00"
"1136","256273","1050201","000104450000050","1","2/28/2025","189191.58","0.00","0.00","0.00","0.00","10000000.00","189191.58","LN","0.00","0.00","0.00","0.00","189191.58","0.00","0.00","0.00","0.00","0.00","0.00","0.00","0.00","0.00","0.00","0.00","0.00","0.00","0.00","0.00","0.00"
"1137","256274","1050201","000104450000050","1","3/31/2025","189191.58","0.00","0.00","0.00","0.00","10000000.00","189191.58","LN","0.00","0.00","0.00","0.00","189191.58","0.00","0.00","0.00","0.00","0.00","0.00","0.00","0.00","0.00","0.00","0.00","0.00","0.00","0.00","0.00","0.00"
"1138","256275","1050201","000104450000050","1","4/30/2025","189191.58","0.00","0.00","0.00","0.00","10000000.00","189191.58","LN","0.00","0.00","0.00","0.00","189191.58","0.00","0.00","0.00","0.00","0.00","0.00","0.00","0.00","0.00","0.00","0.00","0.00","0.00","0.00","0.00","0.00"
"1139","256276","1050201","000104450000050","1","5/31/2025","189191.58","0.00","0.00","0.00","0.00","10000000.00","189191.58","LN","0.00","0.00","0.00","0.00","189191.58","0.00","0.00","0.00","0.00","0.00","0.00","0.00","0.00","0.00","0.00","0.00","0.00","0.00","0.00","0.00","0.00"
"1140","256277","1050201","000104450000050","1","6/30/2025","189191.58","0.00","0.00","0.00","0.00","10000000.00","189191.58","LN","0.00","0.00","0.00","0.00","189191.58","0.00","0.00","0.00","0.00","0.00","0.00","0.00","0.00","0.00","0.00","0.00","0.00","0.00","0.00","0.00","0.00"
"1141","256278","1050201","000104450000050","1","7/31/2025","189191.58","0.00","0.00","0.00","0.00","10000000.00","189191.58","LN","0.00","0.00","0.00","0.00","189191.58","0.00","0.00","0.00","0.00","0.00","0.00","0.00","0.00","0.00","0.00","0.00","0.00","0.00","0.00","0.00","0.00"
"1142","260850","1050201","000104450000050","1","8/31/2025","189191.58","0.00","0.00","0.00","0.00","10000000.00","189191.58","LN","0.00","0.00","0.00","0.00","189191.58","0.00","0.00","0.00","0.00","0.00","0.00","0.00","0.00","-167379.30","-167379.30","9474709.26","0.00","0.00","5337974.84","0.00","0.00"
"1143","268444","1050201","000104450000050","1","9/30/2025","189191.58","0.00","0.00","0.00","0.00","10000000.00","189191.58","LN","0.00","0.00","0.00","0.00","189191.58","0.00","0.00","0.00","0.00","0.00","0.00","0.00","0.00","-167379.30","-167379.30","9474709.26","0.00","0.00","5337974.84","0.00","0.00"
"1144","289044","1050201","000104450000050","1","10/31/2025","189191.58","0.00","0.00","0.00","0.00","10000000.00","189191.58","LN","0.00","0.00","0.00","0.00","189191.58","0.00","0.00","0.00","0.00","0.00","0.00","0.00","0.00","-167379.30","-167379.30","9474709.26","0.00","0.00","5337974.84","0.00","0.00"
"1145","292838","1050201","000104450000050","1","11/30/2025","189191.58","0.00","0.00","0.00","0.00","10000000.00","189191.58","LN","0.00","0.00","0.00","0.00","189191.58","0.00","0.00","0.00","0.00","0.00","0.00","0.00","0.00","-167379.30","-167379.30","9474709.26","0.00","0.00","5337974.84","0.00","0.00"
"1146","325231","1050201","000104450000050","1","12/31/2025","189191.58","0.00","0.00","0.00","0.00","10000000.00","189191.58","LN","0.00","0.00","0.00","0.00","189191.58","0.00","0.00","0.00","0.00","0.00","0.00","0.00","0.00","-167379.30","-167379.30","9474709.26","0.00","0.00","5337974.84","0.00","0.00"
"1147","329029","1050201","000104450000050","1","1/31/2026","189191.58","0.00","0.00","0.00","0.00","10000000.00","189191.58","LN","0.00","0.00","0.00","0.00","189191.58","0.00","0.00","0.00","0.00","0.00","0.00","0.00","0.00","-167379.30","-167379.30","9474709.26","0.00","0.00","5337974.84","0.00","0.00"
"1148","332843","1050201","000104450000050","1","2/28/2026","189191.58","0.00","0.00","0.00","0.00","10000000.00","189191.58","LN","0.00","0.00","0.00","0.00","189191.58","0.00","0.00","0.00","0.00","0.00","0.00","0.00","0.00","-167379.30","-167379.30","9474709.26","0.00","0.00","5337974.84","0.00","0.00"
"1149","336642","1050201","000104450000050","1","3/31/2026","189191.58","0.00","0.00","0.00","0.00","10000000.00","189191.58","LN","0.00","0.00","0.00","0.00","189191.58","0.00","0.00","0.00","0.00","0.00","0.00","0.00","0.00","-167379.30","-167379.30","9474709.26","0.00","0.00","5337974.84","0.00","0.00"
"1150","340423","1050201","000104450000050","1","4/30/2026","189191.58","0.00","0.00","0.00","0.00","10000000.00","189191.58","LN","0.00","0.00","0.00","0.00","189191.58","0.00","0.00","0.00","0.00","0.00","0.00","0.00","0.00","-167379.30","-167379.30","9474709.26","0.00","0.00","5337974.84","0.00","0.00"
"1151","344203","1050201","000104450000050","1","5/31/2026","189191.58","0.00","0.00","0.00","0.00","10000000.00","189191.58","LN","0.00","0.00","0.00","0.00","189191.58","0.00","0.00","0.00","0.00","0.00","0.00","0.00","0.00","-167379.30","-167379.30","9474709.26","0.00","0.00","5337974.84","0.00","0.00"
"1152","347984","1050201","000104450000050","1","6/30/2026","189191.58","0.00","0.00","0.00","0.00","10000000.00","189191.58","LN","0.00","0.00","0.00","0.00","189191.58","0.00","0.00","0.00","0.00","0.00","0.00","0.00","0.00","-167379.30","-167379.30","9474709.26","0.00","0.00","5337974.84","0.00","0.00"
"1153","351755","1050201","000104450000050","1","7/31/2026","189191.58","0.00","0.00","0.00","0.00","10000000.00","189191.58","LN","0.00","0.00","0.00","0.00","189191.58","0.00","0.00","0.00","0.00","0.00","0.00","0.00","0.00","-167379.30","-167379.30","9474709.26","0.00","0.00","5337974.84","0.00","0.00"
"1154","355520","1050201","000104450000050","1","8/31/2026","189191.58","0.00","0.00","0.00","0.00","10000000.00","189191.58","LN","0.00","0.00","0.00","0.00","189191.58","0.00","0.00","0.00","0.00","0.00","0.00","0.00","0.00","-167379.30","-167379.30","9474709.26","0.00","0.00","5337974.84","0.00","0.00"
"1155","256279","1050201","000104450000053","1","7/31/2024","-52650290.23","49898325.30","-102548615.53","0.00","0.00","90900000.00","-52650290.23","LN","0.00","0.00","0.00","0.00","-52650290.23","49898325.30","-102548615.53","0.00","0.00","0.00","0.00","0.00","0.00","0.00","0.00","0.00","0.00","0.00","0.00","0.00","0.00"
"1156","256280","1050201","000104450000053","1","8/31/2024","-53097457.08","0.00","-447166.85","0.00","0.00","90900000.00","-53097457.08","LN","0.00","0.00","0.00","0.00","-53097457.08","0.00","-447166.85","0.00","0.00","0.00","0.00","0.00","0.00","0.00","0.00","0.00","0.00","0.00","0.00","0.00","0.00"
"1157","256281","1050201","000104450000053","1","9/30/2024","-47151082.63","6324046.00","-377671.55","0.00","0.00","90900000.00","-47151082.63","LN","0.00","0.00","0.00","0.00","-47151082.63","6324046.00","-377671.55","0.00","0.00","0.00","0.00","0.00","0.00","0.00","0.00","0.00","0.00","0.00","0.00","0.00","0.00"
"1158","256282","1050201","000104450000053","1","10/31/2024","-44388654.57","3162023.00","-399594.94","0.00","0.00","90900000.00","-44388654.57","LN","0.00","0.00","0.00","0.00","-44388654.57","3162023.00","-399594.94","0.00","0.00","0.00","0.00","0.00","0.00","0.00","0.00","0.00","0.00","0.00","0.00","0.00","0.00"
"1159","256283","1050201","000104450000053","1","11/30/2024","-41590603.66","3162023.00","-363972.09","0.00","0.00","90900000.00","-41590603.66","LN","0.00","0.00","0.00","0.00","-41590603.66","3162023.00","-363972.09","0.00","0.00","0.00","0.00","0.00","0.00","0.00","0.00","0.00","0.00","0.00","0.00","0.00","0.00"
"1160","256284","1050201","000104450000053","1","12/31/2024","-38768954.06","3162023.00","-340373.40","0.00","0.00","90900000.00","-38768954.06","LN","0.00","0.00","0.00","0.00","-38768954.06","3162023.00","-340373.40","0.00","0.00","0.00","0.00","0.00","0.00","0.00","0.00","0.00","0.00","0.00","0.00","0.00","0.00"
"1161","256285","1050201","000104450000053","1","1/31/2025","-35606931.06","3162023.00","0.00","0.00","0.00","90900000.00","-35606931.06","LN","0.00","0.00","0.00","0.00","-35606931.06","3162023.00","0.00","0.00","0.00","0.00","0.00","0.00","0.00","0.00","0.00","0.00","0.00","0.00","0.00","0.00","0.00"
"1162","256286","1050201","000104450000053","1","2/28/2025","-33036931.94","3162023.00","-592023.88","0.00","0.00","90900000.00","-33036931.94","LN","0.00","0.00","0.00","0.00","-33036931.94","3162023.00","-592023.88","0.00","0.00","0.00","0.00","0.00","0.00","0.00","0.00","0.00","0.00","0.00","0.00","0.00","0.00"
"1163","256287","1050201","000104450000053","1","3/31/2025","-33317519.45","0.00","-280587.51","0.00","0.00","90900000.00","-33317519.45","LN","0.00","0.00","0.00","0.00","-33317519.45","0.00","-280587.51","0.00","0.00","0.00","0.00","0.00","0.00","0.00","0.00","0.00","0.00","0.00","0.00","0.00","0.00"
"1164","256288","1050201","000104450000053","1","4/30/2025","-30403349.85","3162023.00","-247853.40","0.00","0.00","90900000.00","-30403349.85","LN","0.00","0.00","0.00","0.00","-30403349.85","3162023.00","-247853.40","0.00","0.00","0.00","0.00","0.00","0.00","0.00","0.00","0.00","0.00","0.00","0.00","0.00","0.00"
"1165","256289","1050201","000104450000053","1","5/31/2025","-22970729.87","17657948.00","-10225328.02","0.00","0.00","90900000.00","-22970729.87","LN","0.00","0.00","0.00","0.00","-22970729.87","17657948.00","-10225328.02","0.00","0.00","0.00","0.00","0.00","0.00","0.00","0.00","0.00","0.00","0.00","0.00","0.00","0.00"
"1166","256290","1050201","000104450000053","1","6/30/2025","-14157826.29","8991850.00","-178946.42","0.00","0.00","90900000.00","-14157826.29","LN","0.00","0.00","0.00","0.00","-14157826.29","8991850.00","-178946.42","0.00","0.00","0.00","0.00","0.00","0.00","0.00","0.00","0.00","0.00","0.00","0.00","0.00","0.00"
"1167","256291","1050201","000104450000053","1","7/31/2025","-11115181.64","3162023.00","-119378.35","0.00","0.00","90900000.00","-11115181.64","LN","0.00","0.00","0.00","0.00","-11115181.64","3162023.00","-119378.35","0.00","0.00","0.00","0.00","0.00","0.00","0.00","0.00","0.00","0.00","0.00","0.00","0.00","0.00"
"1168","260851","1050201","000104450000053","1","8/31/2025","-6711760.64","4495925.00","-92504.00","0.00","0.00","90900000.00","-6711760.64","LN","0.00","0.00","0.00","0.00","-6711760.64","4495925.00","-92504.00","0.00","0.00","0.00","0.00","0.00","0.00","-4520795.23","-4520795.23","95006330.30","0.00","0.00","0.00","0.00","0.00"
"1169","268445","1050201","000104450000053","1","9/30/2025","-6766925.84","0.00","-55165.20","0.00","0.00","90900000.00","-6766925.84","LN","0.00","0.00","0.00","0.00","-6766925.84","0.00","-55165.20","0.00","0.00","0.00","0.00","0.00","0.00","-4520795.23","-4520795.23","95006330.30","0.00","0.00","0.00","0.00","0.00"
"1170","289045","1050201","000104450000053","1","10/31/2025","-472630.38","6324046.00","-29750.54","0.00","0.00","90900000.00","-472630.38","LN","0.00","0.00","0.00","0.00","-472630.38","6324046.00","-29750.54","0.00","0.00","0.00","0.00","0.00","0.00","-4520795.23","-4520795.23","95006330.30","0.00","0.00","0.00","0.00","0.00"
"1171","292839","1050201","000104450000053","1","11/30/2025","2685896.39","3162023.00","-3496.23","0.00","0.00","90900000.00","2685896.39","LN","0.00","0.00","0.00","0.00","2685896.39","3162023.00","-3496.23","0.00","0.00","0.00","0.00","0.00","0.00","-4520795.23","-4520795.23","95006330.30","0.00","0.00","0.00","0.00","0.00"
"1172","325232","1050201","000104450000053","1","12/31/2025","2685896.39","0.00","0.00","0.00","0.00","90900000.00","2685896.39","LN","0.00","0.00","0.00","0.00","2685896.39","0.00","0.00","0.00","0.00","0.00","0.00","0.00","0.00","-4520795.23","-4520795.23","95006330.30","0.00","0.00","0.00","0.00","0.00"
"1173","329030","1050201","000104450000053","1","1/31/2026","9009942.39","6324046.00","0.00","0.00","0.00","90900000.00","9009942.39","LN","0.00","0.00","0.00","0.00","9009942.39","6324046.00","0.00","0.00","0.00","0.00","0.00","0.00","0.00","-4520795.23","-4520795.23","95006330.30","0.00","0.00","0.00","0.00","0.00"
"1174","332844","1050201","000104450000053","1","2/28/2026","9009942.39","0.00","0.00","0.00","0.00","90900000.00","9009942.39","LN","0.00","0.00","0.00","0.00","9009942.39","0.00","0.00","0.00","0.00","0.00","0.00","0.00","0.00","-4520795.23","-4520795.23","95006330.30","0.00","0.00","0.00","0.00","0.00"
"1175","336643","1050201","000104450000053","1","3/31/2026","0.00","0.00","-9009942.39","0.00","0.00","90900000.00","0.00","LN","0.00","0.00","0.00","0.00","0.00","0.00","-9009942.39","0.00","0.00","0.00","0.00","0.00","0.00","-4520795.23","-4520795.23","95006330.30","0.00","0.00","0.00","0.00","0.00"
"1176","256292","1050201","000104450000056","1","7/31/2024","-144369880.46","11200000.00","-155569880.46","0.00","0.00","134253000.00","-144369880.46","LN","0.00","0.00","0.00","0.00","-144369880.46","11200000.00","-155569880.46","0.00","0.00","0.00","0.00","0.00","0.00","0.00","0.00","0.00","0.00","0.00","0.00","0.00","0.00"
"1177","256293","1050201","000104450000056","1","8/31/2024","-141563158.89","4000000.00","-1193278.43","0.00","0.00","134253000.00","-141563158.89","LN","0.00","0.00","0.00","0.00","-141563158.89","4000000.00","-1193278.43","0.00","0.00","0.00","0.00","0.00","0.00","0.00","0.00","0.00","0.00","0.00","0.00","0.00","0.00"
"1178","256294","1050201","000104450000056","1","9/30/2024","-138697102.66","4000000.00","-1133943.77","0.00","0.00","134253000.00","-138697102.66","LN","0.00","0.00","0.00","0.00","-138697102.66","4000000.00","-1133943.77","0.00","0.00","0.00","0.00","0.00","0.00","0.00","0.00","0.00","0.00","0.00","0.00","0.00","0.00"
"1179","256295","1050201","000104450000056","1","10/31/2024","-135843297.23","4000000.00","-1146194.57","0.00","0.00","134253000.00","-135843297.23","LN","0.00","0.00","0.00","0.00","-135843297.23","4000000.00","-1146194.57","0.00","0.00","0.00","0.00","0.00","0.00","0.00","0.00","0.00","0.00","0.00","0.00","0.00","0.00"
"1180","256296","1050201","000104450000056","1","11/30/2024","-132958721.54","4000000.00","-1115424.31","0.00","0.00","134253000.00","-132958721.54","LN","0.00","0.00","0.00","0.00","-132958721.54","4000000.00","-1115424.31","0.00","0.00","0.00","0.00","0.00","0.00","0.00","0.00","0.00","0.00","0.00","0.00","0.00","0.00"
"1181","256297","1050201","000104450000056","1","12/31/2024","-126089318.66","8000000.00","-1130597.12","0.00","0.00","134253000.00","-126089318.66","LN","0.00","0.00","0.00","0.00","-126089318.66","8000000.00","-1130597.12","0.00","0.00","0.00","0.00","0.00","0.00","0.00","0.00","0.00","0.00","0.00","0.00","0.00","0.00"
"1182","256298","1050201","000104450000056","1","1/31/2025","-126089318.66","0.00","0.00","0.00","0.00","134253000.00","-126089318.66","LN","0.00","0.00","0.00","0.00","-126089318.66","0.00","0.00","0.00","0.00","0.00","0.00","0.00","0.00","0.00","0.00","0.00","0.00","0.00","0.00","0.00","0.00"
"1183","256299","1050201","000104450000056","1","2/28/2025","-124115420.05","4000000.00","-2026101.39","0.00","0.00","134253000.00","-124115420.05","LN","0.00","0.00","0.00","0.00","-124115420.05","4000000.00","-2026101.39","0.00","0.00","0.00","0.00","0.00","0.00","0.00","0.00","0.00","0.00","0.00","0.00","0.00","0.00"
"1184","256300","1050201","000104450000056","1","3/31/2025","-121161879.64","4000000.00","-1046459.59","0.00","0.00","134253000.00","-121161879.64","LN","0.00","0.00","0.00","0.00","-121161879.64","4000000.00","-1046459.59","0.00","0.00","0.00","0.00","0.00","0.00","0.00","0.00","0.00","0.00","0.00","0.00","0.00","0.00"
"1185","256301","1050201","000104450000056","1","4/30/2025","-118124854.14","4000000.00","-962974.50","0.00","0.00","134253000.00","-118124854.14","LN","0.00","0.00","0.00","0.00","-118124854.14","4000000.00","-962974.50","0.00","0.00","0.00","0.00","0.00","0.00","0.00","0.00","0.00","0.00","0.00","0.00","0.00","0.00"
"1186","256302","1050201","000104450000056","1","5/31/2025","-115121530.87","4000000.00","-996676.73","0.00","0.00","134253000.00","-115121530.87","LN","0.00","0.00","0.00","0.00","-115121530.87","4000000.00","-996676.73","0.00","0.00","0.00","0.00","0.00","0.00","0.00","0.00","0.00","0.00","0.00","0.00","0.00","0.00"
"1187","256303","1050201","000104450000056","1","6/30/2025","-112063351.81","4000000.00","-941820.94","0.00","0.00","134253000.00","-112063351.81","LN","0.00","0.00","0.00","0.00","-112063351.81","4000000.00","-941820.94","0.00","0.00","0.00","0.00","0.00","0.00","0.00","0.00","0.00","0.00","0.00","0.00","0.00","0.00"
"1188","256304","1050201","000104450000056","1","7/31/2025","-104989917.33","8000000.00","-926565.52","0.00","0.00","134253000.00","-104989917.33","LN","0.00","0.00","0.00","0.00","-104989917.33","8000000.00","-926565.52","0.00","0.00","0.00","0.00","0.00","0.00","0.00","0.00","0.00","0.00","0.00","0.00","0.00","0.00"
"1189","260852","1050201","000104450000056","1","8/31/2025","-105877673.34","0.00","-887756.01","0.00","0.00","134253000.00","-105877673.34","LN","0.00","0.00","0.00","0.00","-105877673.34","0.00","-887756.01","0.00","0.00","0.00","0.00","0.00","0.00","-12582823.17","-12582823.17","63200000.00","0.00","0.00","0.00","0.00","0.00"
"1190","268446","1050201","000104450000056","1","9/30/2025","-98725982.94","8000000.00","-848309.60","0.00","0.00","134253000.00","-98725982.94","LN","0.00","0.00","0.00","0.00","-98725982.94","8000000.00","-848309.60","0.00","0.00","0.00","0.00","0.00","0.00","-12582823.17","-12582823.17","63200000.00","0.00","0.00","0.00","0.00","0.00"
"1191","289046","1050201","000104450000056","1","10/31/2025","-95561189.78","4000000.00","-835206.84","0.00","0.00","134253000.00","-95561189.78","LN","0.00","0.00","0.00","0.00","-95561189.78","4000000.00","-835206.84","0.00","0.00","0.00","0.00","0.00","0.00","-12582823.17","-12582823.17","63200000.00","0.00","0.00","0.00","0.00","0.00"
"1192","292840","1050201","000104450000056","1","11/30/2025","-92343336.61","4000000.00","-782146.83","0.00","0.00","134253000.00","-92343336.61","LN","0.00","0.00","0.00","0.00","-92343336.61","4000000.00","-782146.83","0.00","0.00","0.00","0.00","0.00","0.00","-12582823.17","-12582823.17","63200000.00","0.00","0.00","0.00","0.00","0.00"
"1193","325233","1050201","000104450000056","1","12/31/2025","-89124334.68","4000000.00","-780998.07","0.00","0.00","134253000.00","-89124334.68","LN","0.00","0.00","0.00","0.00","-89124334.68","4000000.00","-780998.07","0.00","0.00","0.00","0.00","0.00","0.00","-12582823.17","-12582823.17","63200000.00","0.00","0.00","0.00","0.00","0.00"
"1194","329031","1050201","000104450000056","1","1/31/2026","-89881281.21","0.00","-756946.53","0.00","0.00","134253000.00","-89881281.21","LN","0.00","0.00","0.00","0.00","-89881281.21","0.00","-756946.53","0.00","0.00","0.00","0.00","0.00","0.00","-12582823.17","-12582823.17","63200000.00","0.00","0.00","0.00","0.00","0.00"
"1195","332845","1050201","000104450000056","1","2/28/2026","-86545576.02","4000000.00","-664294.81","0.00","0.00","134253000.00","-86545576.02","LN","0.00","0.00","0.00","0.00","-86545576.02","4000000.00","-664294.81","0.00","0.00","0.00","0.00","0.00","0.00","-12582823.17","-12582823.17","63200000.00","0.00","0.00","0.00","0.00","0.00"
"1196","336644","1050201","000104450000056","1","3/31/2026","-79257607.05","8000000.00","-712031.03","0.00","0.00","134253000.00","-79257607.05","LN","0.00","0.00","0.00","0.00","-79257607.05","8000000.00","-712031.03","0.00","0.00","0.00","0.00","0.00","0.00","-12582823.17","-12582823.17","63200000.00","0.00","0.00","0.00","0.00","0.00"
"1197","340424","1050201","000104450000056","1","4/30/2026","-79909039.35","0.00","-651432.30","0.00","0.00","134253000.00","-79909039.35","LN","0.00","0.00","0.00","0.00","-79909039.35","0.00","-651432.30","0.00","0.00","0.00","0.00","0.00","0.00","-12582823.17","-12582823.17","63200000.00","0.00","0.00","0.00","0.00","0.00"
"1198","344204","1050201","000104450000056","1","5/31/2026","-76574568.26","4000000.00","-665528.91","0.00","0.00","134253000.00","-76574568.26","LN","0.00","0.00","0.00","0.00","-76574568.26","4000000.00","-665528.91","0.00","0.00","0.00","0.00","0.00","0.00","-12582823.17","-12582823.17","63200000.00","0.00","0.00","0.00","0.00","0.00"
"1199","347985","1050201","000104450000056","1","6/30/2026","-77203948.16","0.00","-629379.90","0.00","0.00","134253000.00","-77203948.16","LN","0.00","0.00","0.00","0.00","-77203948.16","0.00","-629379.90","0.00","0.00","0.00","0.00","0.00","0.00","-12582823.17","-12582823.17","63200000.00","0.00","0.00","0.00","0.00","0.00"
"1200","351756","1050201","000104450000056","1","7/31/2026","-73834447.56","4000000.00","-630499.40","0.00","0.00","134253000.00","-73834447.56","LN","0.00","0.00","0.00","0.00","-73834447.56","4000000.00","-630499.40","0.00","0.00","0.00","0.00","0.00","0.00","-12582823.17","-12582823.17","63200000.00","0.00","0.00","0.00","0.00","0.00"
"1201","355521","1050201","000104450000056","1","8/31/2026","-70448384.10","4000000.00","-613936.54","0.00","0.00","134253000.00","-70448384.10","LN","0.00","0.00","0.00","0.00","-70448384.10","4000000.00","-613936.54","0.00","0.00","0.00","0.00","0.00","0.00","-12582823.17","-12582823.17","63200000.00","0.00","0.00","0.00","0.00","0.00"
"1202","256305","1050201","000104450000057","1","7/31/2024","-10505386.64","16300000.00","-26805386.64","0.00","0.00","24000000.00","-10505386.64","LN","0.00","0.00","0.00","0.00","-10505386.64","16300000.00","-26805386.64","0.00","0.00","0.00","0.00","0.00","0.00","0.00","0.00","0.00","0.00","0.00","0.00","0.00","0.00"
"1203","256306","1050201","000104450000057","1","8/31/2024","-10594610.47","0.00","-89223.83","0.00","0.00","24000000.00","-10594610.47","LN","0.00","0.00","0.00","0.00","-10594610.47","0.00","-89223.83","0.00","0.00","0.00","0.00","0.00","0.00","0.00","0.00","0.00","0.00","0.00","0.00","0.00","0.00"
"1204","256307","1050201","000104450000057","1","9/30/2024","-7605760.69","3060000.00","-71150.22","0.00","0.00","24000000.00","-7605760.69","LN","0.00","0.00","0.00","0.00","-7605760.69","3060000.00","-71150.22","0.00","0.00","0.00","0.00","0.00","0.00","0.00","0.00","0.00","0.00","0.00","0.00","0.00","0.00"
"1205","256308","1050201","000104450000057","1","10/31/2024","-7670357.56","0.00","-64596.87","0.00","0.00","24000000.00","-7670357.56","LN","0.00","0.00","0.00","0.00","-7670357.56","0.00","-64596.87","0.00","0.00","0.00","0.00","0.00","0.00","0.00","0.00","0.00","0.00","0.00","0.00","0.00","0.00"
"1206","256309","1050201","000104450000057","1","11/30/2024","-3987375.63","3745000.00","-62018.07","0.00","0.00","24000000.00","-3987375.63","LN","0.00","0.00","0.00","0.00","-3987375.63","3745000.00","-62018.07","0.00","0.00","0.00","0.00","0.00","0.00","0.00","0.00","0.00","0.00","0.00","0.00","0.00","0.00"
"1207","256310","1050201","000104450000057","1","12/31/2024","1111612.96","5111400.00","-12411.41","0.00","0.00","24000000.00","1111612.96","LN","0.00","0.00","0.00","0.00","1111612.96","5111400.00","-12411.41","0.00","0.00","0.00","0.00","0.00","0.00","0.00","0.00","0.00","0.00","0.00","0.00","0.00","0.00"
"1208","256311","1050201","000104450000057","1","1/31/2025","1111612.96","0.00","0.00","0.00","0.00","24000000.00","1111612.96","LN","0.00","0.00","0.00","0.00","1111612.96","0.00","0.00","0.00","0.00","0.00","0.00","0.00","0.00","0.00","0.00","0.00","0.00","0.00","0.00","0.00","0.00"
"1209","256312","1050201","000104450000057","1","2/28/2025","1111612.96","0.00","0.00","0.00","0.00","24000000.00","1111612.96","LN","0.00","0.00","0.00","0.00","1111612.96","0.00","0.00","0.00","0.00","0.00","0.00","0.00","0.00","0.00","0.00","0.00","0.00","0.00","0.00","0.00","0.00"
"1210","256313","1050201","000104450000057","1","3/31/2025","1111612.96","0.00","0.00","0.00","0.00","24000000.00","1111612.96","LN","0.00","0.00","0.00","0.00","1111612.96","0.00","0.00","0.00","0.00","0.00","0.00","0.00","0.00","0.00","0.00","0.00","0.00","0.00","0.00","0.00","0.00"
"1211","256314","1050201","000104450000057","1","4/30/2025","1111612.96","0.00","0.00","0.00","0.00","24000000.00","1111612.96","LN","0.00","0.00","0.00","0.00","1111612.96","0.00","0.00","0.00","0.00","0.00","0.00","0.00","0.00","0.00","0.00","0.00","0.00","0.00","0.00","0.00","0.00"
"1212","256315","1050201","000104450000057","1","5/31/2025","1111612.96","0.00","0.00","0.00","0.00","24000000.00","1111612.96","LN","0.00","0.00","0.00","0.00","1111612.96","0.00","0.00","0.00","0.00","0.00","0.00","0.00","0.00","0.00","0.00","0.00","0.00","0.00","0.00","0.00","0.00"
"1213","256316","1050201","000104450000057","1","6/30/2025","1111612.96","0.00","0.00","0.00","0.00","24000000.00","1111612.96","LN","0.00","0.00","0.00","0.00","1111612.96","0.00","0.00","0.00","0.00","0.00","0.00","0.00","0.00","0.00","0.00","0.00","0.00","0.00","0.00","0.00","0.00"
"1214","256317","1050201","000104450000057","1","7/31/2025","1111612.96","0.00","0.00","0.00","0.00","24000000.00","1111612.96","LN","0.00","0.00","0.00","0.00","1111612.96","0.00","0.00","0.00","0.00","0.00","0.00","0.00","0.00","0.00","0.00","0.00","0.00","0.00","0.00","0.00","0.00"
"1215","260853","1050201","000104450000057","1","8/31/2025","1111612.96","0.00","0.00","0.00","0.00","24000000.00","1111612.96","LN","0.00","0.00","0.00","0.00","1111612.96","0.00","0.00","0.00","0.00","0.00","0.00","0.00","0.00","-700245.48","-700245.48","24456400.00","0.00","0.00","15256400.00","0.00","0.00"
"1216","268447","1050201","000104450000057","1","9/30/2025","1111612.96","0.00","0.00","0.00","0.00","24000000.00","1111612.96","LN","0.00","0.00","0.00","0.00","1111612.96","0.00","0.00","0.00","0.00","0.00","0.00","0.00","0.00","-700245.48","-700245.48","24456400.00","0.00","0.00","15256400.00","0.00","0.00"
"1217","289047","1050201","000104450000057","1","10/31/2025","1111612.96","0.00","0.00","0.00","0.00","24000000.00","1111612.96","LN","0.00","0.00","0.00","0.00","1111612.96","0.00","0.00","0.00","0.00","0.00","0.00","0.00","0.00","-700245.48","-700245.48","24456400.00","0.00","0.00","15256400.00","0.00","0.00"
"1218","292841","1050201","000104450000057","1","11/30/2025","1111612.96","0.00","0.00","0.00","0.00","24000000.00","1111612.96","LN","0.00","0.00","0.00","0.00","1111612.96","0.00","0.00","0.00","0.00","0.00","0.00","0.00","0.00","-700245.48","-700245.48","24456400.00","0.00","0.00","15256400.00","0.00","0.00"
"1219","325234","1050201","000104450000057","1","12/31/2025","1111612.96","0.00","0.00","0.00","0.00","24000000.00","1111612.96","LN","0.00","0.00","0.00","0.00","1111612.96","0.00","0.00","0.00","0.00","0.00","0.00","0.00","0.00","-700245.48","-700245.48","24456400.00","0.00","0.00","15256400.00","0.00","0.00"
"1220","329032","1050201","000104450000057","1","1/31/2026","1111612.96","0.00","0.00","0.00","0.00","24000000.00","1111612.96","LN","0.00","0.00","0.00","0.00","1111612.96","0.00","0.00","0.00","0.00","0.00","0.00","0.00","0.00","-700245.48","-700245.48","24456400.00","0.00","0.00","15256400.00","0.00","0.00"
"1221","332846","1050201","000104450000057","1","2/28/2026","1111612.96","0.00","0.00","0.00","0.00","24000000.00","1111612.96","LN","0.00","0.00","0.00","0.00","1111612.96","0.00","0.00","0.00","0.00","0.00","0.00","0.00","0.00","-700245.48","-700245.48","24456400.00","0.00","0.00","15256400.00","0.00","0.00"
"1222","336645","1050201","000104450000057","1","3/31/2026","1111612.96","0.00","0.00","0.00","0.00","24000000.00","1111612.96","LN","0.00","0.00","0.00","0.00","1111612.96","0.00","0.00","0.00","0.00","0.00","0.00","0.00","0.00","-700245.48","-700245.48","24456400.00","0.00","0.00","15256400.00","0.00","0.00"
"1223","340425","1050201","000104450000057","1","4/30/2026","1111612.96","0.00","0.00","0.00","0.00","24000000.00","1111612.96","LN","0.00","0.00","0.00","0.00","1111612.96","0.00","0.00","0.00","0.00","0.00","0.00","0.00","0.00","-700245.48","-700245.48","24456400.00","0.00","0.00","15256400.00","0.00","0.00"
"1224","344205","1050201","000104450000057","1","5/31/2026","1111612.96","0.00","0.00","0.00","0.00","24000000.00","1111612.96","LN","0.00","0.00","0.00","0.00","1111612.96","0.00","0.00","0.00","0.00","0.00","0.00","0.00","0.00","-700245.48","-700245.48","24456400.00","0.00","0.00","15256400.00","0.00","0.00"
"1225","347986","1050201","000104450000057","1","6/30/2026","1111612.96","0.00","0.00","0.00","0.00","24000000.00","1111612.96","LN","0.00","0.00","0.00","0.00","1111612.96","0.00","0.00","0.00","0.00","0.00","0.00","0.00","0.00","-700245.48","-700245.48","24456400.00","0.00","0.00","15256400.00","0.00","0.00"
"1226","351757","1050201","000104450000057","1","7/31/2026","1111612.96","0.00","0.00","0.00","0.00","24000000.00","1111612.96","LN","0.00","0.00","0.00","0.00","1111612.96","0.00","0.00","0.00","0.00","0.00","0.00","0.00","0.00","-700245.48","-700245.48","24456400.00","0.00","0.00","15256400.00","0.00","0.00"
"1227","355522","1050201","000104450000057","1","8/31/2026","1111612.96","0.00","0.00","0.00","0.00","24000000.00","1111612.96","LN","0.00","0.00","0.00","0.00","1111612.96","0.00","0.00","0.00","0.00","0.00","0.00","0.00","0.00","-700245.48","-700245.48","24456400.00","0.00","0.00","15256400.00","0.00","0.00"
"1228","256318","1050201","000104450000060","1","7/31/2024","-31433540.13","0.00","-31433540.13","0.00","0.00","30000000.00","-31433540.13","LN","0.00","0.00","0.00","0.00","-31433540.13","0.00","-31433540.13","0.00","0.00","0.00","0.00","0.00","0.00","0.00","0.00","0.00","0.00","0.00","0.00","0.00","0.00"
"1229","256319","1050201","000104450000060","1","8/31/2024","-31700509.92","0.00","-266969.79","0.00","0.00","30000000.00","-31700509.92","LN","0.00","0.00","0.00","0.00","-31700509.92","0.00","-266969.79","0.00","0.00","0.00","0.00","0.00","0.00","0.00","0.00","0.00","0.00","0.00","0.00","0.00","0.00"
"1230","256320","1050201","000104450000060","1","9/30/2024","-31961062.06","0.00","-260552.14","0.00","0.00","30000000.00","-31961062.06","LN","0.00","0.00","0.00","0.00","-31961062.06","0.00","-260552.14","0.00","0.00","0.00","0.00","0.00","0.00","0.00","0.00","0.00","0.00","0.00","0.00","0.00","0.00"
"1231","256321","1050201","000104450000060","1","10/31/2024","-32232512.18","0.00","-271450.12","0.00","0.00","30000000.00","-32232512.18","LN","0.00","0.00","0.00","0.00","-32232512.18","0.00","-271450.12","0.00","0.00","0.00","0.00","0.00","0.00","0.00","0.00","0.00","0.00","0.00","0.00","0.00","0.00"
"1232","256322","1050201","000104450000060","1","11/30/2024","-704876.39","31627922.08","-100286.29","0.00","0.00","30000000.00","-704876.39","LN","0.00","0.00","0.00","0.00","-704876.39","31627922.08","-100286.29","0.00","0.00","0.00","0.00","0.00","0.00","0.00","0.00","0.00","0.00","0.00","0.00","0.00","0.00"
"1233","256323","1050201","000104450000060","1","12/31/2024","-711056.23","0.00","-6179.84","0.00","0.00","30000000.00","-711056.23","LN","0.00","0.00","0.00","0.00","-711056.23","0.00","-6179.84","0.00","0.00","0.00","0.00","0.00","0.00","0.00","0.00","0.00","0.00","0.00","0.00","0.00","0.00"
"1234","256324","1050201","000104450000060","1","1/31/2025","-711056.23","0.00","0.00","0.00","0.00","30000000.00","-711056.23","LN","0.00","0.00","0.00","0.00","-711056.23","0.00","0.00","0.00","0.00","0.00","0.00","0.00","0.00","0.00","0.00","0.00","0.00","0.00","0.00","0.00","0.00"
"1235","256325","1050201","000104450000060","1","2/28/2025","-722550.02","0.00","-11493.79","0.00","0.00","30000000.00","-722550.02","LN","0.00","0.00","0.00","0.00","-722550.02","0.00","-11493.79","0.00","0.00","0.00","0.00","0.00","0.00","0.00","0.00","0.00","0.00","0.00","0.00","0.00","0.00"
"1236","256326","1050201","000104450000060","1","3/31/2025","-728686.78","0.00","-6136.76","0.00","0.00","30000000.00","-728686.78","LN","0.00","0.00","0.00","0.00","-728686.78","0.00","-6136.76","0.00","0.00","0.00","0.00","0.00","0.00","0.00","0.00","0.00","0.00","0.00","0.00","0.00","0.00"
"1237","256327","1050201","000104450000060","1","4/30/2025","-734675.98","0.00","-5989.20","0.00","0.00","30000000.00","-734675.98","LN","0.00","0.00","0.00","0.00","-734675.98","0.00","-5989.20","0.00","0.00","0.00","0.00","0.00","0.00","0.00","0.00","0.00","0.00","0.00","0.00","0.00","0.00"
"1238","256328","1050201","000104450000060","1","5/31/2025","-740915.66","0.00","-6239.68","0.00","0.00","30000000.00","-740915.66","LN","0.00","0.00","0.00","0.00","-740915.66","0.00","-6239.68","0.00","0.00","0.00","0.00","0.00","0.00","0.00","0.00","0.00","0.00","0.00","0.00","0.00","0.00"
"1239","256329","1050201","000104450000060","1","6/30/2025","-747005.36","0.00","-6089.70","0.00","0.00","30000000.00","-747005.36","LN","0.00","0.00","0.00","0.00","-747005.36","0.00","-6089.70","0.00","0.00","0.00","0.00","0.00","0.00","0.00","0.00","0.00","0.00","0.00","0.00","0.00","0.00"
"1240","256330","1050201","000104450000060","1","7/31/2025","-753349.82","0.00","-6344.46","0.00","0.00","30000000.00","-753349.82","LN","0.00","0.00","0.00","0.00","-753349.82","0.00","-6344.46","0.00","0.00","0.00","0.00","0.00","0.00","0.00","0.00","0.00","0.00","0.00","0.00","0.00","0.00"
"1241","260854","1050201","000104450000060","1","8/31/2025","-737916.38","21800.00","-6366.56","0.00","0.00","30000000.00","-737916.38","LN","0.00","0.00","0.00","0.00","-737916.38","21800.00","-6366.56","0.00","0.00","0.00","0.00","0.00","0.00","-916931.97","-916931.97","31627922.08","0.00","0.00","0.00","0.00","0.00"
"1242","268448","1050201","000104450000060","1","9/30/2025","-743981.48","0.00","-6065.10","0.00","0.00","30000000.00","-743981.48","LN","0.00","0.00","0.00","0.00","-743981.48","0.00","-6065.10","0.00","0.00","0.00","0.00","0.00","0.00","-916931.97","-916931.97","31627922.08","0.00","0.00","0.00","0.00","0.00"
"1243","289048","1050201","000104450000060","1","10/31/2025","-750300.21","0.00","-6318.73","0.00","0.00","30000000.00","-750300.21","LN","0.00","0.00","0.00","0.00","-750300.21","0.00","-6318.73","0.00","0.00","0.00","0.00","0.00","0.00","-916931.97","-916931.97","31627922.08","0.00","0.00","0.00","0.00","0.00"
"1244","292842","1050201","000104450000060","1","11/30/2025","-756467.01","0.00","-6166.80","0.00","0.00","30000000.00","-756467.01","LN","0.00","0.00","0.00","0.00","-756467.01","0.00","-6166.80","0.00","0.00","0.00","0.00","0.00","0.00","-916931.97","-916931.97","31627922.08","0.00","0.00","0.00","0.00","0.00"
"1245","325235","1050201","000104450000060","1","12/31/2025","-756467.01","0.00","0.00","0.00","0.00","30000000.00","-756467.01","LN","0.00","0.00","0.00","0.00","-756467.01","0.00","0.00","0.00","0.00","0.00","0.00","0.00","0.00","-916931.97","-916931.97","31627922.08","0.00","0.00","0.00","0.00","0.00"
"1246","329033","1050201","000104450000060","1","1/31/2026","-756467.01","0.00","0.00","0.00","0.00","30000000.00","-756467.01","LN","0.00","0.00","0.00","0.00","-756467.01","0.00","0.00","0.00","0.00","0.00","0.00","0.00","0.00","-916931.97","-916931.97","31627922.08","0.00","0.00","0.00","0.00","0.00"
"1247","332847","1050201","000104450000060","1","2/28/2026","-756467.01","0.00","0.00","0.00","0.00","30000000.00","-756467.01","LN","0.00","0.00","0.00","0.00","-756467.01","0.00","0.00","0.00","0.00","0.00","0.00","0.00","0.00","-916931.97","-916931.97","31627922.08","0.00","0.00","0.00","0.00","0.00"
"1248","336646","1050201","000104450000060","1","3/31/2026","-756467.01","0.00","0.00","0.00","0.00","30000000.00","-756467.01","LN","0.00","0.00","0.00","0.00","-756467.01","0.00","0.00","0.00","0.00","0.00","0.00","0.00","0.00","-916931.97","-916931.97","31627922.08","0.00","0.00","0.00","0.00","0.00"
"1249","340426","1050201","000104450000060","1","4/30/2026","-756467.01","0.00","0.00","0.00","0.00","30000000.00","-756467.01","LN","0.00","0.00","0.00","0.00","-756467.01","0.00","0.00","0.00","0.00","0.00","0.00","0.00","0.00","-916931.97","-916931.97","31627922.08","0.00","0.00","0.00","0.00","0.00"
"1250","344206","1050201","000104450000060","1","5/31/2026","-756467.01","0.00","0.00","0.00","0.00","30000000.00","-756467.01","LN","0.00","0.00","0.00","0.00","-756467.01","0.00","0.00","0.00","0.00","0.00","0.00","0.00","0.00","-916931.97","-916931.97","31627922.08","0.00","0.00","0.00","0.00","0.00"
"1251","347987","1050201","000104450000060","1","6/30/2026","0.00","756467.01","0.00","0.00","0.00","30000000.00","0.00","LN","0.00","0.00","0.00","0.00","0.00","756467.01","0.00","0.00","0.00","0.00","0.00","0.00","0.00","-916931.97","-916931.97","31627922.08","0.00","0.00","0.00","0.00","0.00"
"1252","256331","1050201","000104450000063","1","7/31/2024","-203417752.82","77206753.59","-280624506.41","0.00","0.00","250000000.00","-203417752.82","LN","0.00","0.00","0.00","0.00","-203417752.82","77206753.59","-280624506.41","0.00","0.00","0.00","0.00","0.00","0.00","0.00","0.00","0.00","0.00","0.00","0.00","0.00","0.00"
"1253","256332","1050201","000104450000063","1","8/31/2024","-205145410.45","0.00","-1727657.63","0.00","0.00","250000000.00","-205145410.45","LN","0.00","0.00","0.00","0.00","-205145410.45","0.00","-1727657.63","0.00","0.00","0.00","0.00","0.00","0.00","0.00","0.00","0.00","0.00","0.00","0.00","0.00","0.00"
"1254","256333","1050201","000104450000063","1","9/30/2024","-199696408.07","7078885.84","-1629883.46","0.00","0.00","250000000.00","-199696408.07","LN","0.00","0.00","0.00","0.00","-199696408.07","7078885.84","-1629883.46","0.00","0.00","0.00","0.00","0.00","0.00","0.00","0.00","0.00","0.00","0.00","0.00","0.00","0.00"
"1255","256334","1050201","000104450000063","1","10/31/2024","-195249240.20","6094795.16","-1647627.29","0.00","0.00","250000000.00","-195249240.20","LN","0.00","0.00","0.00","0.00","-195249240.20","6094795.16","-1647627.29","0.00","0.00","0.00","0.00","0.00","0.00","0.00","0.00","0.00","0.00","0.00","0.00","0.00","0.00"
"1256","256335","1050201","000104450000063","1","11/30/2024","-189737972.87","7079204.84","-1567937.51","0.00","0.00","250000000.00","-189737972.87","LN","0.00","0.00","0.00","0.00","-189737972.87","7079204.84","-1567937.51","0.00","0.00","0.00","0.00","0.00","0.00","0.00","0.00","0.00","0.00","0.00","0.00","0.00","0.00"
"1257","256336","1050201","000104450000063","1","12/31/2024","-184265978.56","7079204.84","-1607210.53","0.00","0.00","250000000.00","-184265978.56","LN","0.00","0.00","0.00","0.00","-184265978.56","7079204.84","-1607210.53","0.00","0.00","0.00","0.00","0.00","0.00","0.00","0.00","0.00","0.00","0.00","0.00","0.00","0.00"
"1258","256337","1050201","000104450000063","1","1/31/2025","-177186773.72","7079204.84","0.00","0.00","0.00","250000000.00","-177186773.72","LN","0.00","0.00","0.00","0.00","-177186773.72","7079204.84","0.00","0.00","0.00","0.00","0.00","0.00","0.00","0.00","0.00","0.00","0.00","0.00","0.00","0.00","0.00"
"1259","256338","1050201","000104450000063","1","2/28/2025","-172993018.37","7079204.84","-2885449.49","0.00","0.00","250000000.00","-172993018.37","LN","0.00","0.00","0.00","0.00","-172993018.37","7079204.84","-2885449.49","0.00","0.00","0.00","0.00","0.00","0.00","0.00","0.00","0.00","0.00","0.00","0.00","0.00","0.00"
"1260","256339","1050201","000104450000063","1","3/31/2025","-167361734.77","7079204.84","-1447921.24","0.00","0.00","250000000.00","-167361734.77","LN","0.00","0.00","0.00","0.00","-167361734.77","7079204.84","-1447921.24","0.00","0.00","0.00","0.00","0.00","0.00","0.00","0.00","0.00","0.00","0.00","0.00","0.00","0.00"
"1261","256340","1050201","000104450000063","1","4/30/2025","-154505199.61","21237614.52","-8381079.36","0.00","0.00","250000000.00","-154505199.61","LN","0.00","0.00","0.00","0.00","-154505199.61","21237614.52","-8381079.36","0.00","0.00","0.00","0.00","0.00","0.00","0.00","0.00","0.00","0.00","0.00","0.00","0.00","0.00"
"1262","256341","1050201","000104450000063","1","5/31/2025","-155817435.50","0.00","-1312235.89","0.00","0.00","250000000.00","-155817435.50","LN","0.00","0.00","0.00","0.00","-155817435.50","0.00","-1312235.89","0.00","0.00","0.00","0.00","0.00","0.00","0.00","0.00","0.00","0.00","0.00","0.00","0.00","0.00"
"1263","256342","1050201","000104450000063","1","6/30/2025","-150011163.92","7079204.84","-1272933.26","0.00","0.00","250000000.00","-150011163.92","LN","0.00","0.00","0.00","0.00","-150011163.92","7079204.84","-1272933.26","0.00","0.00","0.00","0.00","0.00","0.00","0.00","0.00","0.00","0.00","0.00","0.00","0.00","0.00"
"1264","256343","1050201","000104450000063","1","7/31/2025","-151285231.37","0.00","-1274067.45","0.00","0.00","250000000.00","-151285231.37","LN","0.00","0.00","0.00","0.00","-151285231.37","0.00","-1274067.45","0.00","0.00","0.00","0.00","0.00","0.00","0.00","0.00","0.00","0.00","0.00","0.00","0.00","0.00"
"1265","260855","1050201","000104450000063","1","8/31/2025","-152564693.26","0.00","-1279461.89","0.00","0.00","250000000.00","-152564693.26","LN","0.00","0.00","0.00","0.00","-152564693.26","0.00","-1279461.89","0.00","0.00","0.00","0.00","0.00","0.00","-18333671.78","-18333671.78","147014073.31","0.00","0.00","0.00","0.00","0.00"
"1266","268449","1050201","000104450000063","1","9/30/2025","-146698715.21","7079204.84","-1213226.79","0.00","0.00","250000000.00","-146698715.21","LN","0.00","0.00","0.00","0.00","-146698715.21","7079204.84","-1213226.79","0.00","0.00","0.00","0.00","0.00","0.00","-18333671.78","-18333671.78","147014073.31","0.00","0.00","0.00","0.00","0.00"
"1267","289049","1050201","000104450000063","1","10/31/2025","-133724175.54","14158409.68","-1183870.01","0.00","0.00","250000000.00","-133724175.54","LN","0.00","0.00","0.00","0.00","-133724175.54","14158409.68","-1183870.01","0.00","0.00","0.00","0.00","0.00","0.00","-18333671.78","-18333671.78","147014073.31","0.00","0.00","0.00","0.00","0.00"
"1268","292843","1050201","000104450000063","1","11/30/2025","-134823278.34","0.00","-1099102.80","0.00","0.00","250000000.00","-134823278.34","LN","0.00","0.00","0.00","0.00","-134823278.34","0.00","-1099102.80","0.00","0.00","0.00","0.00","0.00","0.00","-18333671.78","-18333671.78","147014073.31","0.00","0.00","0.00","0.00","0.00"
"1269","325236","1050201","000104450000063","1","12/31/2025","-121806063.94","14158409.67","-1141195.27","0.00","0.00","250000000.00","-121806063.94","LN","0.00","0.00","0.00","0.00","-121806063.94","14158409.67","-1141195.27","0.00","0.00","0.00","0.00","0.00","0.00","-18333671.78","-18333671.78","147014073.31","0.00","0.00","0.00","0.00","0.00"
"1270","329034","1050201","000104450000063","1","1/31/2026","-122840581.06","0.00","-1034517.12","0.00","0.00","250000000.00","-122840581.06","LN","0.00","0.00","0.00","0.00","-122840581.06","0.00","-1034517.12","0.00","0.00","0.00","0.00","0.00","0.00","-18333671.78","-18333671.78","147014073.31","0.00","0.00","0.00","0.00","0.00"
"1271","332848","1050201","000104450000063","1","2/28/2026","-116659106.32","7079204.84","-897730.10","0.00","0.00","250000000.00","-116659106.32","LN","0.00","0.00","0.00","0.00","-116659106.32","7079204.84","-897730.10","0.00","0.00","0.00","0.00","0.00","0.00","-18333671.78","-18333671.78","147014073.31","0.00","0.00","0.00","0.00","0.00"
"1272","336647","1050201","000104450000063","1","3/31/2026","-103450308.21","14158871.68","-950073.57","0.00","0.00","250000000.00","-103450308.21","LN","0.00","0.00","0.00","0.00","-103450308.21","14158871.68","-950073.57","0.00","0.00","0.00","0.00","0.00","0.00","-18333671.78","-18333671.78","147014073.31","0.00","0.00","0.00","0.00","0.00"
"1273","340427","1050201","000104450000063","1","4/30/2026","-97219440.36","7079204.84","-848336.99","0.00","0.00","250000000.00","-97219440.36","LN","0.00","0.00","0.00","0.00","-97219440.36","7079204.84","-848336.99","0.00","0.00","0.00","0.00","0.00","0.00","-18333671.78","-18333671.78","147014073.31","0.00","0.00","0.00","0.00","0.00"
"1274","344207","1050201","000104450000063","1","5/31/2026","-90942197.22","7079666.84","-802423.70","0.00","0.00","250000000.00","-90942197.22","LN","0.00","0.00","0.00","0.00","-90942197.22","7079666.84","-802423.70","0.00","0.00","0.00","0.00","0.00","0.00","-18333671.78","-18333671.78","147014073.31","0.00","0.00","0.00","0.00","0.00"
"1275","347988","1050201","000104450000063","1","6/30/2026","-84608060.85","7079666.84","-745530.47","0.00","0.00","250000000.00","-84608060.85","LN","0.00","0.00","0.00","0.00","-84608060.85","7079666.84","-745530.47","0.00","0.00","0.00","0.00","0.00","0.00","-18333671.78","-18333671.78","147014073.31","0.00","0.00","0.00","0.00","0.00"
"1276","351758","1050201","000104450000063","1","7/31/2026","-78245043.37","7079666.84","-716649.36","0.00","0.00","250000000.00","-78245043.37","LN","0.00","0.00","0.00","0.00","-78245043.37","7079666.84","-716649.36","0.00","0.00","0.00","0.00","0.00","0.00","-18333671.78","-18333671.78","147014073.31","0.00","0.00","0.00","0.00","0.00"
"1277","355523","1050201","000104450000063","1","8/31/2026","-71827983.89","7079666.84","-662607.36","0.00","0.00","250000000.00","-71827983.89","LN","0.00","0.00","0.00","0.00","-71827983.89","7079666.84","-662607.36","0.00","0.00","0.00","0.00","0.00","0.00","-18333671.78","-18333671.78","147014073.31","0.00","0.00","0.00","0.00","0.00"
"1278","256344","1050201","000104450000067","1","7/31/2024","-16982799.25","16075199.64","-33057998.89","0.00","0.00","30000000.00","-16982799.25","LN","0.00","0.00","0.00","0.00","-16982799.25","16075199.64","-33057998.89","0.00","0.00","0.00","0.00","0.00","0.00","0.00","0.00","0.00","0.00","0.00","0.00","0.00","0.00"
"1279","256345","1050201","000104450000067","1","8/31/2024","-17127036.72","0.00","-144237.47","0.00","0.00","30000000.00","-17127036.72","LN","0.00","0.00","0.00","0.00","-17127036.72","0.00","-144237.47","0.00","0.00","0.00","0.00","0.00","0.00","0.00","0.00","0.00","0.00","0.00","0.00","0.00","0.00"
"1280","256346","1050201","000104450000067","1","9/30/2024","-17267806.88","0.00","-140770.16","0.00","0.00","30000000.00","-17267806.88","LN","0.00","0.00","0.00","0.00","-17267806.88","0.00","-140770.16","0.00","0.00","0.00","0.00","0.00","0.00","0.00","0.00","0.00","0.00","0.00","0.00","0.00","0.00"
"1281","256347","1050201","000104450000067","1","10/31/2024","-14200437.57","3200000.00","-132630.69","0.00","0.00","30000000.00","-14200437.57","LN","0.00","0.00","0.00","0.00","-14200437.57","3200000.00","-132630.69","0.00","0.00","0.00","0.00","0.00","0.00","0.00","0.00","0.00","0.00","0.00","0.00","0.00","0.00"
"1282","256348","1050201","000104450000067","1","11/30/2024","-14317153.47","0.00","-116715.90","0.00","0.00","30000000.00","-14317153.47","LN","0.00","0.00","0.00","0.00","-14317153.47","0.00","-116715.90","0.00","0.00","0.00","0.00","0.00","0.00","0.00","0.00","0.00","0.00","0.00","0.00","0.00","0.00"
"1283","256349","1050201","000104450000067","1","12/31/2024","-11223386.17","3200000.00","-106232.70","0.00","0.00","30000000.00","-11223386.17","LN","0.00","0.00","0.00","0.00","-11223386.17","3200000.00","-106232.70","0.00","0.00","0.00","0.00","0.00","0.00","0.00","0.00","0.00","0.00","0.00","0.00","0.00","0.00"
"1284","256350","1050201","000104450000067","1","1/31/2025","-11223386.17","0.00","0.00","0.00","0.00","30000000.00","-11223386.17","LN","0.00","0.00","0.00","0.00","-11223386.17","0.00","0.00","0.00","0.00","0.00","0.00","0.00","0.00","0.00","0.00","0.00","0.00","0.00","0.00","0.00","0.00"
"1285","256351","1050201","000104450000067","1","2/28/2025","-11404805.27","0.00","-181419.10","0.00","0.00","30000000.00","-11404805.27","LN","0.00","0.00","0.00","0.00","-11404805.27","0.00","-181419.10","0.00","0.00","0.00","0.00","0.00","0.00","0.00","0.00","0.00","0.00","0.00","0.00","0.00","0.00"
"1286","256352","1050201","000104450000067","1","3/31/2025","-11501667.87","0.00","-96862.60","0.00","0.00","30000000.00","-11501667.87","LN","0.00","0.00","0.00","0.00","-11501667.87","0.00","-96862.60","0.00","0.00","0.00","0.00","0.00","0.00","0.00","0.00","0.00","0.00","0.00","0.00","0.00","0.00"
"1287","256353","1050201","000104450000067","1","4/30/2025","-11596202.07","0.00","-94534.20","0.00","0.00","30000000.00","-11596202.07","LN","0.00","0.00","0.00","0.00","-11596202.07","0.00","-94534.20","0.00","0.00","0.00","0.00","0.00","0.00","0.00","0.00","0.00","0.00","0.00","0.00","0.00","0.00"
"1288","256354","1050201","000104450000067","1","5/31/2025","-11694690.31","0.00","-98488.24","0.00","0.00","30000000.00","-11694690.31","LN","0.00","0.00","0.00","0.00","-11694690.31","0.00","-98488.24","0.00","0.00","0.00","0.00","0.00","0.00","0.00","0.00","0.00","0.00","0.00","0.00","0.00","0.00"
"1289","256355","1050201","000104450000067","1","6/30/2025","-11790810.91","0.00","-96120.60","0.00","0.00","30000000.00","-11790810.91","LN","0.00","0.00","0.00","0.00","-11790810.91","0.00","-96120.60","0.00","0.00","0.00","0.00","0.00","0.00","0.00","0.00","0.00","0.00","0.00","0.00","0.00","0.00"
"1290","256356","1050201","000104450000067","1","7/31/2025","-8388075.31","3500000.00","-97264.40","0.00","0.00","30000000.00","-8388075.31","LN","0.00","0.00","0.00","0.00","-8388075.31","3500000.00","-97264.40","0.00","0.00","0.00","0.00","0.00","0.00","0.00","0.00","0.00","0.00","0.00","0.00","0.00","0.00"
"1291","260856","1050201","000104450000067","1","8/31/2025","-8458917.21","0.00","-70841.90","0.00","0.00","30000000.00","-8458917.21","LN","0.00","0.00","0.00","0.00","-8458917.21","0.00","-70841.90","0.00","0.00","0.00","0.00","0.00","0.00","-1467430.98","-1467430.98","25975199.64","0.00","0.00","0.00","0.00","0.00"
"1292","268450","1050201","000104450000067","1","9/30/2025","-8025565.93","500000.00","-66648.72","0.00","0.00","30000000.00","-8025565.93","LN","0.00","0.00","0.00","0.00","-8025565.93","500000.00","-66648.72","0.00","0.00","0.00","0.00","0.00","0.00","-1467430.98","-1467430.98","25975199.64","0.00","0.00","0.00","0.00","0.00"
"1293","289050","1050201","000104450000067","1","10/31/2025","-6092084.57","2000000.00","-66518.64","0.00","0.00","30000000.00","-6092084.57","LN","0.00","0.00","0.00","0.00","-6092084.57","2000000.00","-66518.64","0.00","0.00","0.00","0.00","0.00","0.00","-1467430.98","-1467430.98","25975199.64","0.00","0.00","0.00","0.00","0.00"
"1294","292844","1050201","000104450000067","1","11/30/2025","-6142156.37","0.00","-50071.80","0.00","0.00","30000000.00","-6142156.37","LN","0.00","0.00","0.00","0.00","-6142156.37","0.00","-50071.80","0.00","0.00","0.00","0.00","0.00","0.00","-1467430.98","-1467430.98","25975199.64","0.00","0.00","0.00","0.00","0.00"
"1295","325237","1050201","000104450000067","1","12/31/2025","-6142156.37","0.00","0.00","0.00","0.00","30000000.00","-6142156.37","LN","0.00","0.00","0.00","0.00","-6142156.37","0.00","0.00","0.00","0.00","0.00","0.00","0.00","0.00","-1467430.98","-1467430.98","25975199.64","0.00","0.00","0.00","0.00","0.00"
"1296","329035","1050201","000104450000067","1","1/31/2026","-6142156.37","0.00","0.00","0.00","0.00","30000000.00","-6142156.37","LN","0.00","0.00","0.00","0.00","-6142156.37","0.00","0.00","0.00","0.00","0.00","0.00","0.00","0.00","-1467430.98","-1467430.98","25975199.64","0.00","0.00","0.00","0.00","0.00"
"1297","332849","1050201","000104450000067","1","2/28/2026","-6142156.37","0.00","0.00","0.00","0.00","30000000.00","-6142156.37","LN","0.00","0.00","0.00","0.00","-6142156.37","0.00","0.00","0.00","0.00","0.00","0.00","0.00","0.00","-1467430.98","-1467430.98","25975199.64","0.00","0.00","0.00","0.00","0.00"
"1298","336648","1050201","000104450000067","1","3/31/2026","-6142156.37","0.00","0.00","0.00","0.00","30000000.00","-6142156.37","LN","0.00","0.00","0.00","0.00","-6142156.37","0.00","0.00","0.00","0.00","0.00","0.00","0.00","0.00","-1467430.98","-1467430.98","25975199.64","0.00","0.00","0.00","0.00","0.00"
"1299","340428","1050201","000104450000067","1","4/30/2026","-6142156.37","0.00","0.00","0.00","0.00","30000000.00","-6142156.37","LN","0.00","0.00","0.00","0.00","-6142156.37","0.00","0.00","0.00","0.00","0.00","0.00","0.00","0.00","-1467430.98","-1467430.98","25975199.64","0.00","0.00","0.00","0.00","0.00"
"1300","344208","1050201","000104450000067","1","5/31/2026","-6142156.37","0.00","0.00","0.00","0.00","30000000.00","-6142156.37","LN","0.00","0.00","0.00","0.00","-6142156.37","0.00","0.00","0.00","0.00","0.00","0.00","0.00","0.00","-1467430.98","-1467430.98","25975199.64","0.00","0.00","0.00","0.00","0.00"
"1301","347989","1050201","000104450000067","1","6/30/2026","-6142156.37","0.00","0.00","0.00","0.00","30000000.00","-6142156.37","LN","0.00","0.00","0.00","0.00","-6142156.37","0.00","0.00","0.00","0.00","0.00","0.00","0.00","0.00","-1467430.98","-1467430.98","25975199.64","0.00","0.00","0.00","0.00","0.00"
"1302","351759","1050201","000104450000067","1","7/31/2026","-6142156.37","0.00","0.00","0.00","0.00","30000000.00","-6142156.37","LN","0.00","0.00","0.00","0.00","-6142156.37","0.00","0.00","0.00","0.00","0.00","0.00","0.00","0.00","-1467430.98","-1467430.98","25975199.64","0.00","0.00","0.00","0.00","0.00"
"1303","355524","1050201","000104450000067","1","8/31/2026","-6142156.37","0.00","0.00","0.00","0.00","30000000.00","-6142156.37","LN","0.00","0.00","0.00","0.00","-6142156.37","0.00","0.00","0.00","0.00","0.00","0.00","0.00","0.00","-1467430.98","-1467430.98","25975199.64","0.00","0.00","0.00","0.00","0.00"
"1304","256357","1050201","000104450000068","1","7/31/2024","-188071567.36","87631066.56","-275702633.92","0.00","0.00","250000000.00","-188071567.36","LN","0.00","0.00","0.00","0.00","-188071567.36","87631066.56","-275702633.92","0.00","0.00","0.00","0.00","0.00","0.00","0.00","0.00","0.00","0.00","0.00","0.00","0.00","0.00"
"1305","256358","1050201","000104450000068","1","8/31/2024","-182813465.13","6853544.70","-1595442.47","0.00","0.00","250000000.00","-182813465.13","LN","0.00","0.00","0.00","0.00","-182813465.13","6853544.70","-1595442.47","0.00","0.00","0.00","0.00","0.00","0.00","0.00","0.00","0.00","0.00","0.00","0.00","0.00","0.00"
"1306","256359","1050201","000104450000068","1","9/30/2024","-177448164.10","6853544.70","-1488243.67","0.00","0.00","250000000.00","-177448164.10","LN","0.00","0.00","0.00","0.00","-177448164.10","6853544.70","-1488243.67","0.00","0.00","0.00","0.00","0.00","0.00","0.00","0.00","0.00","0.00","0.00","0.00","0.00","0.00"
"1307","256360","1050201","000104450000068","1","10/31/2024","-172097958.03","6853544.70","-1503338.63","0.00","0.00","250000000.00","-172097958.03","LN","0.00","0.00","0.00","0.00","-172097958.03","6853544.70","-1503338.63","0.00","0.00","0.00","0.00","0.00","0.00","0.00","0.00","0.00","0.00","0.00","0.00","0.00","0.00"
"1308","256361","1050201","000104450000068","1","11/30/2024","-173512461.93","0.00","-1414503.90","0.00","0.00","250000000.00","-173512461.93","LN","0.00","0.00","0.00","0.00","-173512461.93","0.00","-1414503.90","0.00","0.00","0.00","0.00","0.00","0.00","0.00","0.00","0.00","0.00","0.00","0.00","0.00","0.00"
"1309","256362","1050201","000104450000068","1","12/31/2024","-154944286.02","20025522.03","-1457346.12","0.00","0.00","250000000.00","-154944286.02","LN","0.00","0.00","0.00","0.00","-154944286.02","20025522.03","-1457346.12","0.00","0.00","0.00","0.00","0.00","0.00","0.00","0.00","0.00","0.00","0.00","0.00","0.00","0.00"
"1310","256363","1050201","000104450000068","1","1/31/2025","-154944286.02","0.00","0.00","0.00","0.00","250000000.00","-154944286.02","LN","0.00","0.00","0.00","0.00","-154944286.02","0.00","0.00","0.00","0.00","0.00","0.00","0.00","0.00","0.00","0.00","0.00","0.00","0.00","0.00","0.00","0.00"
"1311","256364","1050201","000104450000068","1","2/28/2025","-150534011.83","6894076.41","-2483802.22","0.00","0.00","250000000.00","-150534011.83","LN","0.00","0.00","0.00","0.00","-150534011.83","6894076.41","-2483802.22","0.00","0.00","0.00","0.00","0.00","0.00","0.00","0.00","0.00","0.00","0.00","0.00","0.00","0.00"
"1312","256365","1050201","000104450000068","1","3/31/2025","-138655900.79","13131435.62","-1253324.58","0.00","0.00","250000000.00","-138655900.79","LN","0.00","0.00","0.00","0.00","-138655900.79","13131435.62","-1253324.58","0.00","0.00","0.00","0.00","0.00","0.00","0.00","0.00","0.00","0.00","0.00","0.00","0.00","0.00"
"1313","256366","1050201","000104450000068","1","4/30/2025","-132863686.18","6894076.41","-1101861.80","0.00","0.00","250000000.00","-132863686.18","LN","0.00","0.00","0.00","0.00","-132863686.18","6894076.41","-1101861.80","0.00","0.00","0.00","0.00","0.00","0.00","0.00","0.00","0.00","0.00","0.00","0.00","0.00","0.00"
"1314","256367","1050201","000104450000068","1","5/31/2025","-133992117.49","0.00","-1128431.31","0.00","0.00","250000000.00","-133992117.49","LN","0.00","0.00","0.00","0.00","-133992117.49","0.00","-1128431.31","0.00","0.00","0.00","0.00","0.00","0.00","0.00","0.00","0.00","0.00","0.00","0.00","0.00","0.00"
"1315","256368","1050201","000104450000068","1","6/30/2025","-128849227.90","6237359.21","-1094469.62","0.00","0.00","250000000.00","-128849227.90","LN","0.00","0.00","0.00","0.00","-128849227.90","6237359.21","-1094469.62","0.00","0.00","0.00","0.00","0.00","0.00","0.00","0.00","0.00","0.00","0.00","0.00","0.00","0.00"
"1316","256369","1050201","000104450000068","1","7/31/2025","-129943563.86","0.00","-1094335.96","0.00","0.00","250000000.00","-129943563.86","LN","0.00","0.00","0.00","0.00","-129943563.86","0.00","-1094335.96","0.00","0.00","0.00","0.00","0.00","0.00","0.00","0.00","0.00","0.00","0.00","0.00","0.00","0.00"
"1317","260857","1050201","000104450000068","1","8/31/2025","-131042522.70","0.00","-1098958.84","0.00","0.00","250000000.00","-131042522.70","LN","0.00","0.00","0.00","0.00","-131042522.70","0.00","-1098958.84","0.00","0.00","0.00","0.00","0.00","0.00","-17524729.62","-17524729.62","161374170.34","0.00","0.00","0.00","0.00","0.00"
"1318","268451","1050201","000104450000068","1","9/30/2025","-132119584.50","0.00","-1077061.80","0.00","0.00","250000000.00","-132119584.50","LN","0.00","0.00","0.00","0.00","-132119584.50","0.00","-1077061.80","0.00","0.00","0.00","0.00","0.00","0.00","-17524729.62","-17524729.62","161374170.34","0.00","0.00","0.00","0.00","0.00"
"1319","289051","1050201","000104450000068","1","10/31/2025","-133241696.15","0.00","-1122111.65","0.00","0.00","250000000.00","-133241696.15","LN","0.00","0.00","0.00","0.00","-133241696.15","0.00","-1122111.65","0.00","0.00","0.00","0.00","0.00","0.00","-17524729.62","-17524729.62","161374170.34","0.00","0.00","0.00","0.00","0.00"
"1320","292845","1050201","000104450000068","1","11/30/2025","104822438.02","239122766.70","-1058632.53","0.00","0.00","250000000.00","104822438.02","LN","0.00","0.00","0.00","0.00","104822438.02","239122766.70","-1058632.53","0.00","0.00","0.00","0.00","0.00","0.00","-17524729.62","-17524729.62","161374170.34","0.00","0.00","0.00","0.00","0.00"
"1321","325238","1050201","000104450000068","1","12/31/2025","-104851156.50","0.00","-209673594.52","0.00","0.00","250000000.00","-104851156.50","LN","0.00","0.00","0.00","0.00","-104851156.50","0.00","-209673594.52","0.00","0.00","0.00","0.00","0.00","0.00","-17524729.62","-17524729.62","161374170.34","0.00","0.00","0.00","0.00","0.00"
"1322","329036","1050201","000104450000068","1","1/31/2026","-105741673.04","0.00","-890516.54","0.00","0.00","250000000.00","-105741673.04","LN","0.00","0.00","0.00","0.00","-105741673.04","0.00","-890516.54","0.00","0.00","0.00","0.00","0.00","0.00","-17524729.62","-17524729.62","161374170.34","0.00","0.00","0.00","0.00","0.00"
"1323","332850","1050201","000104450000068","1","2/28/2026","-106552842.00","0.00","-811168.96","0.00","0.00","250000000.00","-106552842.00","LN","0.00","0.00","0.00","0.00","-106552842.00","0.00","-811168.96","0.00","0.00","0.00","0.00","0.00","0.00","-17524729.62","-17524729.62","161374170.34","0.00","0.00","0.00","0.00","0.00"
"1324","336649","1050201","000104450000068","1","3/31/2026","-41995382.30","65444499.06","-887039.36","0.00","0.00","250000000.00","-41995382.30","LN","0.00","0.00","0.00","0.00","-41995382.30","65444499.06","-887039.36","0.00","0.00","0.00","0.00","0.00","0.00","-17524729.62","-17524729.62","161374170.34","0.00","0.00","0.00","0.00","0.00"
"1325","340429","1050201","000104450000068","1","4/30/2026","-42340549.70","0.00","-345167.40","0.00","0.00","250000000.00","-42340549.70","LN","0.00","0.00","0.00","0.00","-42340549.70","0.00","-345167.40","0.00","0.00","0.00","0.00","0.00","0.00","-17524729.62","-17524729.62","161374170.34","0.00","0.00","0.00","0.00","0.00"
"1326","344209","1050201","000104450000068","1","5/31/2026","0.00","42340549.70","0.00","0.00","0.00","250000000.00","0.00","LN","0.00","0.00","0.00","0.00","0.00","42340549.70","0.00","0.00","0.00","0.00","0.00","0.00","0.00","-17524729.62","-17524729.62","161374170.34","0.00","0.00","0.00","0.00","0.00"
"1327","256370","1050201","000104450000069","1","7/31/2024","-206900523.19","14000000.00","-220900523.19","0.00","0.00","200000000.00","-206900523.19","LN","0.00","0.00","0.00","0.00","-206900523.19","14000000.00","-220900523.19","0.00","0.00","0.00","0.00","0.00","0.00","0.00","0.00","0.00","0.00","0.00","0.00","0.00","0.00"
"1328","256371","1050201","000104450000069","1","8/31/2024","-208657760.51","0.00","-1757237.32","0.00","0.00","200000000.00","-208657760.51","LN","0.00","0.00","0.00","0.00","-208657760.51","0.00","-1757237.32","0.00","0.00","0.00","0.00","0.00","0.00","0.00","0.00","0.00","0.00","0.00","0.00","0.00","0.00"
"1329","256372","1050201","000104450000069","1","9/30/2024","-205343988.68","5000000.00","-1686228.17","0.00","0.00","200000000.00","-205343988.68","LN","0.00","0.00","0.00","0.00","-205343988.68","5000000.00","-1686228.17","0.00","0.00","0.00","0.00","0.00","0.00","0.00","0.00","0.00","0.00","0.00","0.00","0.00","0.00"
"1330","256373","1050201","000104450000069","1","10/31/2024","-207088006.12","0.00","-1744017.44","0.00","0.00","200000000.00","-207088006.12","LN","0.00","0.00","0.00","0.00","-207088006.12","0.00","-1744017.44","0.00","0.00","0.00","0.00","0.00","0.00","0.00","0.00","0.00","0.00","0.00","0.00","0.00","0.00"
"1331","256374","1050201","000104450000069","1","11/30/2024","-208790099.32","0.00","-1702093.20","0.00","0.00","200000000.00","-208790099.32","LN","0.00","0.00","0.00","0.00","-208790099.32","0.00","-1702093.20","0.00","0.00","0.00","0.00","0.00","0.00","0.00","0.00","0.00","0.00","0.00","0.00","0.00","0.00"
"1332","256375","1050201","000104450000069","1","12/31/2024","-205606889.26","5000000.00","-1816789.94","0.00","0.00","200000000.00","-205606889.26","LN","0.00","0.00","0.00","0.00","-205606889.26","5000000.00","-1816789.94","0.00","0.00","0.00","0.00","0.00","0.00","0.00","0.00","0.00","0.00","0.00","0.00","0.00","0.00"
"1333","256376","1050201","000104450000069","1","1/31/2025","-205606889.26","0.00","0.00","0.00","0.00","200000000.00","-205606889.26","LN","0.00","0.00","0.00","0.00","-205606889.26","0.00","0.00","0.00","0.00","0.00","0.00","0.00","0.00","0.00","0.00","0.00","0.00","0.00","0.00","0.00","0.00"
"1334","256377","1050201","000104450000069","1","2/28/2025","-208930397.61","0.00","-3323508.35","0.00","0.00","200000000.00","-208930397.61","LN","0.00","0.00","0.00","0.00","-208930397.61","0.00","-3323508.35","0.00","0.00","0.00","0.00","0.00","0.00","0.00","0.00","0.00","0.00","0.00","0.00","0.00","0.00"
"1335","256378","1050201","000104450000069","1","3/31/2025","-210704874.81","0.00","-1774477.20","0.00","0.00","200000000.00","-210704874.81","LN","0.00","0.00","0.00","0.00","-210704874.81","0.00","-1774477.20","0.00","0.00","0.00","0.00","0.00","0.00","0.00","0.00","0.00","0.00","0.00","0.00","0.00","0.00"
"1336","256379","1050201","000104450000069","1","4/30/2025","-212436695.61","0.00","-1731820.80","0.00","0.00","200000000.00","-212436695.61","LN","0.00","0.00","0.00","0.00","-212436695.61","0.00","-1731820.80","0.00","0.00","0.00","0.00","0.00","0.00","0.00","0.00","0.00","0.00","0.00","0.00","0.00","0.00"
"1337","256380","1050201","000104450000069","1","5/31/2025","-214240952.34","0.00","-1804256.73","0.00","0.00","200000000.00","-214240952.34","LN","0.00","0.00","0.00","0.00","-214240952.34","0.00","-1804256.73","0.00","0.00","0.00","0.00","0.00","0.00","0.00","0.00","0.00","0.00","0.00","0.00","0.00","0.00"
"1338","256381","1050201","000104450000069","1","6/30/2025","-80853891.64","135000000.00","-1612939.30","0.00","0.00","200000000.00","-80853891.64","LN","0.00","0.00","0.00","0.00","-80853891.64","135000000.00","-1612939.30","0.00","0.00","0.00","0.00","0.00","0.00","0.00","0.00","0.00","0.00","0.00","0.00","0.00","0.00"
"1339","256382","1050201","000104450000069","1","7/31/2025","-81540595.89","0.00","-686704.25","0.00","0.00","200000000.00","-81540595.89","LN","0.00","0.00","0.00","0.00","-81540595.89","0.00","-686704.25","0.00","0.00","0.00","0.00","0.00","0.00","0.00","0.00","0.00","0.00","0.00","0.00","0.00","0.00"
"1340","260858","1050201","000104450000069","1","8/31/2025","-82229118.30","0.00","-688522.41","0.00","0.00","200000000.00","-82229118.30","LN","0.00","0.00","0.00","0.00","-82229118.30","0.00","-688522.41","0.00","0.00","0.00","0.00","0.00","0.00","-18597354.21","-18597354.21","159000000.00","0.00","0.00","0.00","0.00","0.00"
"1341","268452","1050201","000104450000069","1","9/30/2025","-82904974.20","0.00","-675855.90","0.00","0.00","200000000.00","-82904974.20","LN","0.00","0.00","0.00","0.00","-82904974.20","0.00","-675855.90","0.00","0.00","0.00","0.00","0.00","0.00","-18597354.21","-18597354.21","159000000.00","0.00","0.00","0.00","0.00","0.00"
"1342","289052","1050201","000104450000069","1","10/31/2025","-83609098.59","0.00","-704124.39","0.00","0.00","200000000.00","-83609098.59","LN","0.00","0.00","0.00","0.00","-83609098.59","0.00","-704124.39","0.00","0.00","0.00","0.00","0.00","0.00","-18597354.21","-18597354.21","159000000.00","0.00","0.00","0.00","0.00","0.00"
"1343","292846","1050201","000104450000069","1","11/30/2025","-84296296.59","0.00","-687198.00","0.00","0.00","200000000.00","-84296296.59","LN","0.00","0.00","0.00","0.00","-84296296.59","0.00","-687198.00","0.00","0.00","0.00","0.00","0.00","0.00","-18597354.21","-18597354.21","159000000.00","0.00","0.00","0.00","0.00","0.00"
"1344","325239","1050201","000104450000069","1","12/31/2025","-84296296.59","0.00","0.00","0.00","0.00","200000000.00","-84296296.59","LN","0.00","0.00","0.00","0.00","-84296296.59","0.00","0.00","0.00","0.00","0.00","0.00","0.00","0.00","-18597354.21","-18597354.21","159000000.00","0.00","0.00","0.00","0.00","0.00"
"1345","329037","1050201","000104450000069","1","1/31/2026","-84296296.59","0.00","0.00","0.00","0.00","200000000.00","-84296296.59","LN","0.00","0.00","0.00","0.00","-84296296.59","0.00","0.00","0.00","0.00","0.00","0.00","0.00","0.00","-18597354.21","-18597354.21","159000000.00","0.00","0.00","0.00","0.00","0.00"
"1346","332851","1050201","000104450000069","1","2/28/2026","-84296296.59","0.00","0.00","0.00","0.00","200000000.00","-84296296.59","LN","0.00","0.00","0.00","0.00","-84296296.59","0.00","0.00","0.00","0.00","0.00","0.00","0.00","0.00","-18597354.21","-18597354.21","159000000.00","0.00","0.00","0.00","0.00","0.00"
"1347","336650","1050201","000104450000069","1","3/31/2026","-84296296.59","0.00","0.00","0.00","0.00","200000000.00","-84296296.59","LN","0.00","0.00","0.00","0.00","-84296296.59","0.00","0.00","0.00","0.00","0.00","0.00","0.00","0.00","-18597354.21","-18597354.21","159000000.00","0.00","0.00","0.00","0.00","0.00"
"1348","340430","1050201","000104450000069","1","4/30/2026","-84296296.59","0.00","0.00","0.00","0.00","200000000.00","-84296296.59","LN","0.00","0.00","0.00","0.00","-84296296.59","0.00","0.00","0.00","0.00","0.00","0.00","0.00","0.00","-18597354.21","-18597354.21","159000000.00","0.00","0.00","0.00","0.00","0.00"
"1349","344210","1050201","000104450000069","1","5/31/2026","-219296296.59","0.00","-135000000.00","0.00","0.00","200000000.00","-219296296.59","LN","0.00","0.00","0.00","0.00","-219296296.59","0.00","-135000000.00","0.00","0.00","0.00","0.00","0.00","0.00","-18597354.21","-18597354.21","159000000.00","0.00","0.00","0.00","0.00","0.00"
"1350","347990","1050201","000104450000069","1","6/30/2026","-219296296.59","0.00","0.00","0.00","0.00","200000000.00","-219296296.59","LN","0.00","0.00","0.00","0.00","-219296296.59","0.00","0.00","0.00","0.00","0.00","0.00","0.00","0.00","-18597354.21","-18597354.21","159000000.00","0.00","0.00","0.00","0.00","0.00"
"1351","351760","1050201","000104450000069","1","7/31/2026","-219296296.59","0.00","0.00","0.00","0.00","200000000.00","-219296296.59","LN","0.00","0.00","0.00","0.00","-219296296.59","0.00","0.00","0.00","0.00","0.00","0.00","0.00","0.00","-18597354.21","-18597354.21","159000000.00","0.00","0.00","0.00","0.00","0.00"
"1352","355525","1050201","000104450000069","1","8/31/2026","-219296296.59","0.00","0.00","0.00","0.00","200000000.00","-219296296.59","LN","0.00","0.00","0.00","0.00","-219296296.59","0.00","0.00","0.00","0.00","0.00","0.00","0.00","0.00","-18597354.21","-18597354.21","159000000.00","0.00","0.00","0.00","0.00","0.00"
"1353","256383","1050201","000104450000072","1","7/31/2024","-8764682.54","7450000.00","-16214682.54","0.00","0.00","15000000.00","-8764682.54","LN","0.00","0.00","0.00","0.00","-8764682.54","7450000.00","-16214682.54","0.00","0.00","0.00","0.00","0.00","0.00","0.00","0.00","0.00","0.00","0.00","0.00","0.00","0.00"
"1354","256384","1050201","000104450000072","1","8/31/2024","-7833916.83","1000000.00","-69234.29","0.00","0.00","15000000.00","-7833916.83","LN","0.00","0.00","0.00","0.00","-7833916.83","1000000.00","-69234.29","0.00","0.00","0.00","0.00","0.00","0.00","0.00","0.00","0.00","0.00","0.00","0.00","0.00","0.00"
"1355","256385","1050201","000104450000072","1","9/30/2024","-7898305.19","0.00","-64388.36","0.00","0.00","15000000.00","-7898305.19","LN","0.00","0.00","0.00","0.00","-7898305.19","0.00","-64388.36","0.00","0.00","0.00","0.00","0.00","0.00","0.00","0.00","0.00","0.00","0.00","0.00","0.00","0.00"
"1356","256386","1050201","000104450000072","1","10/31/2024","-6964564.77","1000000.00","-66259.58","0.00","0.00","15000000.00","-6964564.77","LN","0.00","0.00","0.00","0.00","-6964564.77","1000000.00","-66259.58","0.00","0.00","0.00","0.00","0.00","0.00","0.00","0.00","0.00","0.00","0.00","0.00","0.00","0.00"
"1357","256387","1050201","000104450000072","1","11/30/2024","-7021807.77","0.00","-57243.00","0.00","0.00","15000000.00","-7021807.77","LN","0.00","0.00","0.00","0.00","-7021807.77","0.00","-57243.00","0.00","0.00","0.00","0.00","0.00","0.00","0.00","0.00","0.00","0.00","0.00","0.00","0.00","0.00"
"1358","256388","1050201","000104450000072","1","12/31/2024","-7083368.73","0.00","-61560.96","0.00","0.00","15000000.00","-7083368.73","LN","0.00","0.00","0.00","0.00","-7083368.73","0.00","-61560.96","0.00","0.00","0.00","0.00","0.00","0.00","0.00","0.00","0.00","0.00","0.00","0.00","0.00","0.00"
"1359","256389","1050201","000104450000072","1","1/31/2025","-7083368.73","0.00","0.00","0.00","0.00","15000000.00","-7083368.73","LN","0.00","0.00","0.00","0.00","-7083368.73","0.00","0.00","0.00","0.00","0.00","0.00","0.00","0.00","0.00","0.00","0.00","0.00","0.00","0.00","0.00","0.00"
"1360","256390","1050201","000104450000072","1","2/28/2025","-6295154.70","900000.00","-111785.97","0.00","0.00","15000000.00","-6295154.70","LN","0.00","0.00","0.00","0.00","-6295154.70","900000.00","-111785.97","0.00","0.00","0.00","0.00","0.00","0.00","0.00","0.00","0.00","0.00","0.00","0.00","0.00","0.00"
"1361","256391","1050201","000104450000072","1","3/31/2025","-6348620.40","0.00","-53465.70","0.00","0.00","15000000.00","-6348620.40","LN","0.00","0.00","0.00","0.00","-6348620.40","0.00","-53465.70","0.00","0.00","0.00","0.00","0.00","0.00","0.00","0.00","0.00","0.00","0.00","0.00","0.00","0.00"
"1362","256392","1050201","000104450000072","1","4/30/2025","-6400800.90","0.00","-52180.50","0.00","0.00","15000000.00","-6400800.90","LN","0.00","0.00","0.00","0.00","-6400800.90","0.00","-52180.50","0.00","0.00","0.00","0.00","0.00","0.00","0.00","0.00","0.00","0.00","0.00","0.00","0.00","0.00"
"1363","256393","1050201","000104450000072","1","5/31/2025","-5453519.92","1000000.00","-52719.02","0.00","0.00","15000000.00","-5453519.92","LN","0.00","0.00","0.00","0.00","-5453519.92","1000000.00","-52719.02","0.00","0.00","0.00","0.00","0.00","0.00","0.00","0.00","0.00","0.00","0.00","0.00","0.00","0.00"
"1364","256394","1050201","000104450000072","1","6/30/2025","-5498343.52","0.00","-44823.60","0.00","0.00","15000000.00","-5498343.52","LN","0.00","0.00","0.00","0.00","-5498343.52","0.00","-44823.60","0.00","0.00","0.00","0.00","0.00","0.00","0.00","0.00","0.00","0.00","0.00","0.00","0.00","0.00"
"1365","256395","1050201","000104450000072","1","7/31/2025","-2228603.48","3300000.00","-30259.96","0.00","0.00","15000000.00","-2228603.48","LN","0.00","0.00","0.00","0.00","-2228603.48","3300000.00","-30259.96","0.00","0.00","0.00","0.00","0.00","0.00","0.00","0.00","0.00","0.00","0.00","0.00","0.00","0.00"
"1366","260859","1050201","000104450000072","1","8/31/2025","-2240077.67","7300.00","-18774.19","0.00","0.00","15000000.00","-2240077.67","LN","0.00","0.00","0.00","0.00","-2240077.67","7300.00","-18774.19","0.00","0.00","0.00","0.00","0.00","0.00","-753327.78","-753327.78","14650000.00","0.00","0.00","0.00","0.00","0.00"
"1367","268453","1050201","000104450000072","1","9/30/2025","-2258489.27","0.00","-18411.60","0.00","0.00","15000000.00","-2258489.27","LN","0.00","0.00","0.00","0.00","-2258489.27","0.00","-18411.60","0.00","0.00","0.00","0.00","0.00","0.00","-753327.78","-753327.78","14650000.00","0.00","0.00","0.00","0.00","0.00"
"1368","289053","1050201","000104450000072","1","10/31/2025","-2277670.83","0.00","-19181.56","0.00","0.00","15000000.00","-2277670.83","LN","0.00","0.00","0.00","0.00","-2277670.83","0.00","-19181.56","0.00","0.00","0.00","0.00","0.00","0.00","-753327.78","-753327.78","14650000.00","0.00","0.00","0.00","0.00","0.00"
"1369","292847","1050201","000104450000072","1","11/30/2025","-2296391.43","0.00","-18720.60","0.00","0.00","15000000.00","-2296391.43","LN","0.00","0.00","0.00","0.00","-2296391.43","0.00","-18720.60","0.00","0.00","0.00","0.00","0.00","0.00","-753327.78","-753327.78","14650000.00","0.00","0.00","0.00","0.00","0.00"
"1370","325240","1050201","000104450000072","1","12/31/2025","-2296391.43","0.00","0.00","0.00","0.00","15000000.00","-2296391.43","LN","0.00","0.00","0.00","0.00","-2296391.43","0.00","0.00","0.00","0.00","0.00","0.00","0.00","0.00","-753327.78","-753327.78","14650000.00","0.00","0.00","0.00","0.00","0.00"
"1371","329038","1050201","000104450000072","1","1/31/2026","-2296391.43","0.00","0.00","0.00","0.00","15000000.00","-2296391.43","LN","0.00","0.00","0.00","0.00","-2296391.43","0.00","0.00","0.00","0.00","0.00","0.00","0.00","0.00","-753327.78","-753327.78","14650000.00","0.00","0.00","0.00","0.00","0.00"
"1372","332852","1050201","000104450000072","1","2/28/2026","-2296391.43","0.00","0.00","0.00","0.00","15000000.00","-2296391.43","LN","0.00","0.00","0.00","0.00","-2296391.43","0.00","0.00","0.00","0.00","0.00","0.00","0.00","0.00","-753327.78","-753327.78","14650000.00","0.00","0.00","0.00","0.00","0.00"
"1373","336651","1050201","000104450000072","1","3/31/2026","-2296391.43","0.00","0.00","0.00","0.00","15000000.00","-2296391.43","LN","0.00","0.00","0.00","0.00","-2296391.43","0.00","0.00","0.00","0.00","0.00","0.00","0.00","0.00","-753327.78","-753327.78","14650000.00","0.00","0.00","0.00","0.00","0.00"
"1374","340431","1050201","000104450000072","1","4/30/2026","-2296391.43","0.00","0.00","0.00","0.00","15000000.00","-2296391.43","LN","0.00","0.00","0.00","0.00","-2296391.43","0.00","0.00","0.00","0.00","0.00","0.00","0.00","0.00","-753327.78","-753327.78","14650000.00","0.00","0.00","0.00","0.00","0.00"
"1375","344211","1050201","000104450000072","1","5/31/2026","-2296391.43","0.00","0.00","0.00","0.00","15000000.00","-2296391.43","LN","0.00","0.00","0.00","0.00","-2296391.43","0.00","0.00","0.00","0.00","0.00","0.00","0.00","0.00","-753327.78","-753327.78","14650000.00","0.00","0.00","0.00","0.00","0.00"
"1376","347991","1050201","000104450000072","1","6/30/2026","0.00","2296391.43","0.00","0.00","0.00","15000000.00","0.00","LN","0.00","0.00","0.00","0.00","0.00","2296391.43","0.00","0.00","0.00","0.00","0.00","0.00","0.00","-753327.78","-753327.78","14650000.00","0.00","0.00","0.00","0.00","0.00"
"1377","256396","1050201","000104450000074","1","7/31/2024","-23855810.73","8972817.95","-32828628.68","0.00","0.00","30000000.00","-23855810.73","LN","0.00","0.00","0.00","0.00","-23855810.73","8972817.95","-32828628.68","0.00","0.00","0.00","0.00","0.00","0.00","0.00","0.00","0.00","0.00","0.00","0.00","0.00","0.00"
"1378","256397","1050201","000104450000074","1","8/31/2024","-24058421.73","0.00","-202611.00","0.00","0.00","30000000.00","-24058421.73","LN","0.00","0.00","0.00","0.00","-24058421.73","0.00","-202611.00","0.00","0.00","0.00","0.00","0.00","0.00","0.00","0.00","0.00","0.00","0.00","0.00","0.00","0.00"
"1379","256398","1050201","000104450000074","1","9/30/2024","-22656162.18","1600000.00","-197740.45","0.00","0.00","30000000.00","-22656162.18","LN","0.00","0.00","0.00","0.00","-22656162.18","1600000.00","-197740.45","0.00","0.00","0.00","0.00","0.00","0.00","0.00","0.00","0.00","0.00","0.00","0.00","0.00","0.00"
"1380","256399","1050201","000104450000074","1","10/31/2024","-22848584.38","0.00","-192422.20","0.00","0.00","30000000.00","-22848584.38","LN","0.00","0.00","0.00","0.00","-22848584.38","0.00","-192422.20","0.00","0.00","0.00","0.00","0.00","0.00","0.00","0.00","0.00","0.00","0.00","0.00","0.00","0.00"
"1381","256400","1050201","000104450000074","1","11/30/2024","-23036381.08","0.00","-187796.70","0.00","0.00","30000000.00","-23036381.08","LN","0.00","0.00","0.00","0.00","-23036381.08","0.00","-187796.70","0.00","0.00","0.00","0.00","0.00","0.00","0.00","0.00","0.00","0.00","0.00","0.00","0.00","0.00"
"1382","256401","1050201","000104450000074","1","12/31/2024","-6098617.76","17000000.00","-62236.68","0.00","0.00","30000000.00","-6098617.76","LN","0.00","0.00","0.00","0.00","-6098617.76","17000000.00","-62236.68","0.00","0.00","0.00","0.00","0.00","0.00","0.00","0.00","0.00","0.00","0.00","0.00","0.00","0.00"
"1383","256402","1050201","000104450000074","1","1/31/2025","-6098617.76","0.00","0.00","0.00","0.00","30000000.00","-6098617.76","LN","0.00","0.00","0.00","0.00","-6098617.76","0.00","0.00","0.00","0.00","0.00","0.00","0.00","0.00","0.00","0.00","0.00","0.00","0.00","0.00","0.00","0.00"
"1384","256403","1050201","000104450000074","1","2/28/2025","-6197197.91","0.00","-98580.15","0.00","0.00","30000000.00","-6197197.91","LN","0.00","0.00","0.00","0.00","-6197197.91","0.00","-98580.15","0.00","0.00","0.00","0.00","0.00","0.00","0.00","0.00","0.00","0.00","0.00","0.00","0.00","0.00"
"1385","256404","1050201","000104450000074","1","3/31/2025","-4711008.44","1535877.60","-49688.13","0.00","0.00","30000000.00","-4711008.44","LN","0.00","0.00","0.00","0.00","-4711008.44","1535877.60","-49688.13","0.00","0.00","0.00","0.00","0.00","0.00","0.00","0.00","0.00","0.00","0.00","0.00","0.00","0.00"
"1386","256405","1050201","000104450000074","1","4/30/2025","-3213508.37","1535800.00","-38299.93","0.00","0.00","30000000.00","-3213508.37","LN","0.00","0.00","0.00","0.00","-3213508.37","1535800.00","-38299.93","0.00","0.00","0.00","0.00","0.00","0.00","0.00","0.00","0.00","0.00","0.00","0.00","0.00","0.00"
"1387","256406","1050201","000104450000074","1","5/31/2025","-3240801.08","0.00","-27292.71","0.00","0.00","30000000.00","-3240801.08","LN","0.00","0.00","0.00","0.00","-3240801.08","0.00","-27292.71","0.00","0.00","0.00","0.00","0.00","0.00","0.00","0.00","0.00","0.00","0.00","0.00","0.00","0.00"
"1388","256407","1050201","000104450000074","1","6/30/2025","-3267437.78","0.00","-26636.70","0.00","0.00","30000000.00","-3267437.78","LN","0.00","0.00","0.00","0.00","-3267437.78","0.00","-26636.70","0.00","0.00","0.00","0.00","0.00","0.00","0.00","0.00","0.00","0.00","0.00","0.00","0.00","0.00"
"1389","256408","1050201","000104450000074","1","7/31/2025","-3295188.67","0.00","-27750.89","0.00","0.00","30000000.00","-3295188.67","LN","0.00","0.00","0.00","0.00","-3295188.67","0.00","-27750.89","0.00","0.00","0.00","0.00","0.00","0.00","0.00","0.00","0.00","0.00","0.00","0.00","0.00","0.00"
"1390","260860","1050201","000104450000074","1","8/31/2025","-3323037.12","0.00","-27848.45","0.00","0.00","30000000.00","-3323037.12","LN","0.00","0.00","0.00","0.00","-3323037.12","0.00","-27848.45","0.00","0.00","0.00","0.00","0.00","0.00","-1648785.28","-1648785.28","30644495.55","0.00","0.00","0.00","0.00","0.00"
"1391","268454","1050201","000104450000074","1","9/30/2025","-3350349.72","0.00","-27312.60","0.00","0.00","30000000.00","-3350349.72","LN","0.00","0.00","0.00","0.00","-3350349.72","0.00","-27312.60","0.00","0.00","0.00","0.00","0.00","0.00","-1648785.28","-1648785.28","30644495.55","0.00","0.00","0.00","0.00","0.00"
"1392","289054","1050201","000104450000074","1","10/31/2025","-3378804.62","0.00","-28454.90","0.00","0.00","30000000.00","-3378804.62","LN","0.00","0.00","0.00","0.00","-3378804.62","0.00","-28454.90","0.00","0.00","0.00","0.00","0.00","0.00","-1648785.28","-1648785.28","30644495.55","0.00","0.00","0.00","0.00","0.00"
"1393","292848","1050201","000104450000074","1","11/30/2025","-260713.98","3145000.00","-26909.36","0.00","0.00","30000000.00","-260713.98","LN","0.00","0.00","0.00","0.00","-260713.98","3145000.00","-26909.36","0.00","0.00","0.00","0.00","0.00","0.00","-1648785.28","-1648785.28","30644495.55","0.00","0.00","0.00","0.00","0.00"
"1394","325241","1050201","000104450000074","1","12/31/2025","-260713.98","0.00","0.00","0.00","0.00","30000000.00","-260713.98","LN","0.00","0.00","0.00","0.00","-260713.98","0.00","0.00","0.00","0.00","0.00","0.00","0.00","0.00","-1648785.28","-1648785.28","30644495.55","0.00","0.00","0.00","0.00","0.00"
"1395","329039","1050201","000104450000074","1","1/31/2026","-260713.98","0.00","0.00","0.00","0.00","30000000.00","-260713.98","LN","0.00","0.00","0.00","0.00","-260713.98","0.00","0.00","0.00","0.00","0.00","0.00","0.00","0.00","-1648785.28","-1648785.28","30644495.55","0.00","0.00","0.00","0.00","0.00"
"1396","332853","1050201","000104450000074","1","2/28/2026","-260713.98","0.00","0.00","0.00","0.00","30000000.00","-260713.98","LN","0.00","0.00","0.00","0.00","-260713.98","0.00","0.00","0.00","0.00","0.00","0.00","0.00","0.00","-1648785.28","-1648785.28","30644495.55","0.00","0.00","0.00","0.00","0.00"
"1397","336652","1050201","000104450000074","1","3/31/2026","-260713.98","0.00","0.00","0.00","0.00","30000000.00","-260713.98","LN","0.00","0.00","0.00","0.00","-260713.98","0.00","0.00","0.00","0.00","0.00","0.00","0.00","0.00","-1648785.28","-1648785.28","30644495.55","0.00","0.00","0.00","0.00","0.00"
"1398","340432","1050201","000104450000074","1","4/30/2026","-260713.98","0.00","0.00","0.00","0.00","30000000.00","-260713.98","LN","0.00","0.00","0.00","0.00","-260713.98","0.00","0.00","0.00","0.00","0.00","0.00","0.00","0.00","-1648785.28","-1648785.28","30644495.55","0.00","0.00","0.00","0.00","0.00"
"1399","344212","1050201","000104450000074","1","5/31/2026","-260713.98","0.00","0.00","0.00","0.00","30000000.00","-260713.98","LN","0.00","0.00","0.00","0.00","-260713.98","0.00","0.00","0.00","0.00","0.00","0.00","0.00","0.00","-1648785.28","-1648785.28","30644495.55","0.00","0.00","0.00","0.00","0.00"
"1400","347992","1050201","000104450000074","1","6/30/2026","0.00","260713.98","0.00","0.00","0.00","30000000.00","0.00","LN","0.00","0.00","0.00","0.00","0.00","260713.98","0.00","0.00","0.00","0.00","0.00","0.00","0.00","-1648785.28","-1648785.28","30644495.55","0.00","0.00","0.00","0.00","0.00"
"1401","256409","1050201","000104450000076","1","7/31/2024","-24349892.45","8350078.02","-32699970.47","0.00","0.00","30000000.00","-24349892.45","LN","0.00","0.00","0.00","0.00","-24349892.45","8350078.02","-32699970.47","0.00","0.00","0.00","0.00","0.00","0.00","0.00","0.00","0.00","0.00","0.00","0.00","0.00","0.00"
"1402","256410","1050201","000104450000076","1","8/31/2024","-23056288.79","1500000.00","-206396.34","0.00","0.00","30000000.00","-23056288.79","LN","0.00","0.00","0.00","0.00","-23056288.79","1500000.00","-206396.34","0.00","0.00","0.00","0.00","0.00","0.00","0.00","0.00","0.00","0.00","0.00","0.00","0.00","0.00"
"1403","256411","1050201","000104450000076","1","9/30/2024","-22145792.53","1100000.00","-189503.74","0.00","0.00","30000000.00","-22145792.53","LN","0.00","0.00","0.00","0.00","-22145792.53","1100000.00","-189503.74","0.00","0.00","0.00","0.00","0.00","0.00","0.00","0.00","0.00","0.00","0.00","0.00","0.00","0.00"
"1404","256412","1050201","000104450000076","1","10/31/2024","-21032811.59","1300000.00","-187019.06","0.00","0.00","30000000.00","-21032811.59","LN","0.00","0.00","0.00","0.00","-21032811.59","1300000.00","-187019.06","0.00","0.00","0.00","0.00","0.00","0.00","0.00","0.00","0.00","0.00","0.00","0.00","0.00","0.00"
"1405","256413","1050201","000104450000076","1","11/30/2024","-20105081.15","1100000.00","-172269.56","0.00","0.00","30000000.00","-20105081.15","LN","0.00","0.00","0.00","0.00","-20105081.15","1100000.00","-172269.56","0.00","0.00","0.00","0.00","0.00","0.00","0.00","0.00","0.00","0.00","0.00","0.00","0.00","0.00"
"1406","256414","1050201","000104450000076","1","12/31/2024","-18777235.23","1500000.00","-172154.08","0.00","0.00","30000000.00","-18777235.23","LN","0.00","0.00","0.00","0.00","-18777235.23","1500000.00","-172154.08","0.00","0.00","0.00","0.00","0.00","0.00","0.00","0.00","0.00","0.00","0.00","0.00","0.00","0.00"
"1407","256415","1050201","000104450000076","1","1/31/2025","-17277235.23","1500000.00","0.00","0.00","0.00","30000000.00","-17277235.23","LN","0.00","0.00","0.00","0.00","-17277235.23","1500000.00","0.00","0.00","0.00","0.00","0.00","0.00","0.00","0.00","0.00","0.00","0.00","0.00","0.00","0.00","0.00"
"1408","256416","1050201","000104450000076","1","2/28/2025","-16565826.27","1000000.00","-288591.04","0.00","0.00","30000000.00","-16565826.27","LN","0.00","0.00","0.00","0.00","-16565826.27","1000000.00","-288591.04","0.00","0.00","0.00","0.00","0.00","0.00","0.00","0.00","0.00","0.00","0.00","0.00","0.00","0.00"
"1409","256417","1050201","000104450000076","1","3/31/2025","-15603207.18","1100000.00","-137380.91","0.00","0.00","30000000.00","-15603207.18","LN","0.00","0.00","0.00","0.00","-15603207.18","1100000.00","-137380.91","0.00","0.00","0.00","0.00","0.00","0.00","0.00","0.00","0.00","0.00","0.00","0.00","0.00","0.00"
"1410","256418","1050201","000104450000076","1","4/30/2025","-14631151.31","1100000.00","-127944.13","0.00","0.00","30000000.00","-14631151.31","LN","0.00","0.00","0.00","0.00","-14631151.31","1100000.00","-127944.13","0.00","0.00","0.00","0.00","0.00","0.00","0.00","0.00","0.00","0.00","0.00","0.00","0.00","0.00"
"1411","256419","1050201","000104450000076","1","5/31/2025","-14755415.74","0.00","-124264.43","0.00","0.00","30000000.00","-14755415.74","LN","0.00","0.00","0.00","0.00","-14755415.74","0.00","-124264.43","0.00","0.00","0.00","0.00","0.00","0.00","0.00","0.00","0.00","0.00","0.00","0.00","0.00","0.00"
"1412","256420","1050201","000104450000076","1","6/30/2025","-14876693.14","0.00","-121277.40","0.00","0.00","30000000.00","-14876693.14","LN","0.00","0.00","0.00","0.00","-14876693.14","0.00","-121277.40","0.00","0.00","0.00","0.00","0.00","0.00","0.00","0.00","0.00","0.00","0.00","0.00","0.00","0.00"
"1413","256421","1050201","000104450000076","1","7/31/2025","-13898522.70","1100000.00","-121829.56","0.00","0.00","30000000.00","-13898522.70","LN","0.00","0.00","0.00","0.00","-13898522.70","1100000.00","-121829.56","0.00","0.00","0.00","0.00","0.00","0.00","0.00","0.00","0.00","0.00","0.00","0.00","0.00","0.00"
"1414","260861","1050201","000104450000076","1","8/31/2025","-12014951.30","2000000.00","-116428.60","0.00","0.00","30000000.00","-12014951.30","LN","0.00","0.00","0.00","0.00","-12014951.30","2000000.00","-116428.60","0.00","0.00","0.00","0.00","0.00","0.00","-2070270.01","-2070270.01","20650078.02","0.00","0.00","0.00","0.00","0.00"
"1415","268455","1050201","000104450000076","1","9/30/2025","-12113704.40","0.00","-98753.10","0.00","0.00","30000000.00","-12113704.40","LN","0.00","0.00","0.00","0.00","-12113704.40","0.00","-98753.10","0.00","0.00","0.00","0.00","0.00","0.00","-2070270.01","-2070270.01","20650078.02","0.00","0.00","0.00","0.00","0.00"
"1416","289055","1050201","000104450000076","1","10/31/2025","-10516122.07","1700000.00","-102417.67","0.00","0.00","30000000.00","-10516122.07","LN","0.00","0.00","0.00","0.00","-10516122.07","1700000.00","-102417.67","0.00","0.00","0.00","0.00","0.00","0.00","-2070270.01","-2070270.01","20650078.02","0.00","0.00","0.00","0.00","0.00"
"1417","292849","1050201","000104450000076","1","11/30/2025","-10602555.97","0.00","-86433.90","0.00","0.00","30000000.00","-10602555.97","LN","0.00","0.00","0.00","0.00","-10602555.97","0.00","-86433.90","0.00","0.00","0.00","0.00","0.00","0.00","-2070270.01","-2070270.01","20650078.02","0.00","0.00","0.00","0.00","0.00"
"1418","325242","1050201","000104450000076","1","12/31/2025","-7680276.28","3000000.00","-77720.31","0.00","0.00","30000000.00","-7680276.28","LN","0.00","0.00","0.00","0.00","-7680276.28","3000000.00","-77720.31","0.00","0.00","0.00","0.00","0.00","0.00","-2070270.01","-2070270.01","20650078.02","0.00","0.00","0.00","0.00","0.00"
"1419","329040","1050201","000104450000076","1","1/31/2026","-5244821.23","2500000.00","-64544.95","0.00","0.00","30000000.00","-5244821.23","LN","0.00","0.00","0.00","0.00","-5244821.23","2500000.00","-64544.95","0.00","0.00","0.00","0.00","0.00","0.00","-2070270.01","-2070270.01","20650078.02","0.00","0.00","0.00","0.00","0.00"
"1420","332854","1050201","000104450000076","1","2/28/2026","-5285055.55","0.00","-40234.32","0.00","0.00","30000000.00","-5285055.55","LN","0.00","0.00","0.00","0.00","-5285055.55","0.00","-40234.32","0.00","0.00","0.00","0.00","0.00","0.00","-2070270.01","-2070270.01","20650078.02","0.00","0.00","0.00","0.00","0.00"
"1421","336653","1050201","000104450000076","1","3/31/2026","-5329942.31","0.00","-44886.76","0.00","0.00","30000000.00","-5329942.31","LN","0.00","0.00","0.00","0.00","-5329942.31","0.00","-44886.76","0.00","0.00","0.00","0.00","0.00","0.00","-2070270.01","-2070270.01","20650078.02","0.00","0.00","0.00","0.00","0.00"
"1422","340433","1050201","000104450000076","1","4/30/2026","-5373750.11","0.00","-43807.80","0.00","0.00","30000000.00","-5373750.11","LN","0.00","0.00","0.00","0.00","-5373750.11","0.00","-43807.80","0.00","0.00","0.00","0.00","0.00","0.00","-2070270.01","-2070270.01","20650078.02","0.00","0.00","0.00","0.00","0.00"
"1423","344213","1050201","000104450000076","1","5/31/2026","-5419390.17","0.00","-45640.06","0.00","0.00","30000000.00","-5419390.17","LN","0.00","0.00","0.00","0.00","-5419390.17","0.00","-45640.06","0.00","0.00","0.00","0.00","0.00","0.00","-2070270.01","-2070270.01","20650078.02","0.00","0.00","0.00","0.00","0.00"
"1424","347993","1050201","000104450000076","1","6/30/2026","-5463932.97","0.00","-44542.80","0.00","0.00","30000000.00","-5463932.97","LN","0.00","0.00","0.00","0.00","-5463932.97","0.00","-44542.80","0.00","0.00","0.00","0.00","0.00","0.00","-2070270.01","-2070270.01","20650078.02","0.00","0.00","0.00","0.00","0.00"
"1425","351761","1050201","000104450000076","1","7/31/2026","-5510339.04","0.00","-46406.07","0.00","0.00","30000000.00","-5510339.04","LN","0.00","0.00","0.00","0.00","-5510339.04","0.00","-46406.07","0.00","0.00","0.00","0.00","0.00","0.00","-2070270.01","-2070270.01","20650078.02","0.00","0.00","0.00","0.00","0.00"
"1426","355526","1050201","000104450000076","1","8/31/2026","-5557139.12","0.00","-46800.08","0.00","0.00","30000000.00","-5557139.12","LN","0.00","0.00","0.00","0.00","-5557139.12","0.00","-46800.08","0.00","0.00","0.00","0.00","0.00","0.00","-2070270.01","-2070270.01","20650078.02","0.00","0.00","0.00","0.00","0.00"
"1427","256422","1050201","000104450000077","1","7/31/2024","-144785758.54","31749888.30","-176535646.84","0.00","0.00","164000000.00","-144785758.54","LN","0.00","0.00","0.00","0.00","-144785758.54","31749888.30","-176535646.84","0.00","0.00","0.00","0.00","0.00","0.00","0.00","0.00","0.00","0.00","0.00","0.00","0.00","0.00"
"1428","256423","1050201","000104450000077","1","8/31/2024","-146015445.80","0.00","-1229687.26","0.00","0.00","164000000.00","-146015445.80","LN","0.00","0.00","0.00","0.00","-146015445.80","0.00","-1229687.26","0.00","0.00","0.00","0.00","0.00","0.00","0.00","0.00","0.00","0.00","0.00","0.00","0.00","0.00"
"1429","256424","1050201","000104450000077","1","9/30/2024","-138223722.75","8991850.00","-1200126.95","0.00","0.00","164000000.00","-138223722.75","LN","0.00","0.00","0.00","0.00","-138223722.75","8991850.00","-1200126.95","0.00","0.00","0.00","0.00","0.00","0.00","0.00","0.00","0.00","0.00","0.00","0.00","0.00","0.00"
"1430","256425","1050201","000104450000077","1","10/31/2024","-134900520.89","4495925.00","-1172723.14","0.00","0.00","164000000.00","-134900520.89","LN","0.00","0.00","0.00","0.00","-134900520.89","4495925.00","-1172723.14","0.00","0.00","0.00","0.00","0.00","0.00","0.00","0.00","0.00","0.00","0.00","0.00","0.00","0.00"
"1431","256426","1050201","000104450000077","1","11/30/2024","-131512135.63","4495925.00","-1107539.74","0.00","0.00","164000000.00","-131512135.63","LN","0.00","0.00","0.00","0.00","-131512135.63","4495925.00","-1107539.74","0.00","0.00","0.00","0.00","0.00","0.00","0.00","0.00","0.00","0.00","0.00","0.00","0.00","0.00"
"1432","256427","1050201","000104450000077","1","12/31/2024","-128134704.39","4495925.00","-1118493.76","0.00","0.00","164000000.00","-128134704.39","LN","0.00","0.00","0.00","0.00","-128134704.39","4495925.00","-1118493.76","0.00","0.00","0.00","0.00","0.00","0.00","0.00","0.00","0.00","0.00","0.00","0.00","0.00","0.00"
"1433","256428","1050201","000104450000077","1","1/31/2025","-123638779.39","4495925.00","0.00","0.00","0.00","164000000.00","-123638779.39","LN","0.00","0.00","0.00","0.00","-123638779.39","4495925.00","0.00","0.00","0.00","0.00","0.00","0.00","0.00","0.00","0.00","0.00","0.00","0.00","0.00","0.00","0.00"
"1434","256429","1050201","000104450000077","1","2/28/2025","-121164802.59","4495925.00","-2021948.20","0.00","0.00","164000000.00","-121164802.59","LN","0.00","0.00","0.00","0.00","-121164802.59","4495925.00","-2021948.20","0.00","0.00","0.00","0.00","0.00","0.00","0.00","0.00","0.00","0.00","0.00","0.00","0.00","0.00"
"1435","256430","1050201","000104450000077","1","3/31/2025","-122193873.63","0.00","-1029071.04","0.00","0.00","164000000.00","-122193873.63","LN","0.00","0.00","0.00","0.00","-122193873.63","0.00","-1029071.04","0.00","0.00","0.00","0.00","0.00","0.00","0.00","0.00","0.00","0.00","0.00","0.00","0.00","0.00"
"1436","256431","1050201","000104450000077","1","4/30/2025","-118665328.93","4495925.00","-967380.30","0.00","0.00","164000000.00","-118665328.93","LN","0.00","0.00","0.00","0.00","-118665328.93","4495925.00","-967380.30","0.00","0.00","0.00","0.00","0.00","0.00","0.00","0.00","0.00","0.00","0.00","0.00","0.00","0.00"
"1437","256432","1050201","000104450000077","1","5/31/2025","-116488624.42","3162023.00","-985318.49","0.00","0.00","164000000.00","-116488624.42","LN","0.00","0.00","0.00","0.00","-116488624.42","3162023.00","-985318.49","0.00","0.00","0.00","0.00","0.00","0.00","0.00","0.00","0.00","0.00","0.00","0.00","0.00","0.00"
"1438","256433","1050201","000104450000077","1","6/30/2025","-114280576.88","3162023.00","-953975.46","0.00","0.00","164000000.00","-114280576.88","LN","0.00","0.00","0.00","0.00","-114280576.88","3162023.00","-953975.46","0.00","0.00","0.00","0.00","0.00","0.00","0.00","0.00","0.00","0.00","0.00","0.00","0.00","0.00"
"1439","256434","1050201","000104450000077","1","7/31/2025","-110754022.37","4495925.00","-969370.49","0.00","0.00","164000000.00","-110754022.37","LN","0.00","0.00","0.00","0.00","-110754022.37","4495925.00","-969370.49","0.00","0.00","0.00","0.00","0.00","0.00","0.00","0.00","0.00","0.00","0.00","0.00","0.00","0.00"
"1440","260862","1050201","000104450000077","1","8/31/2025","-108527734.59","3162023.00","-935735.22","0.00","0.00","164000000.00","-108527734.59","LN","0.00","0.00","0.00","0.00","-108527734.59","3162023.00","-935735.22","0.00","0.00","0.00","0.00","0.00","0.00","-12986149.70","-12986149.70","78537259.30","0.00","0.00","0.00","0.00","0.00"
"1441","268456","1050201","000104450000077","1","9/30/2025","-109419743.49","0.00","-892008.90","0.00","0.00","164000000.00","-109419743.49","LN","0.00","0.00","0.00","0.00","-109419743.49","0.00","-892008.90","0.00","0.00","0.00","0.00","0.00","0.00","-12986149.70","-12986149.70","78537259.30","0.00","0.00","0.00","0.00","0.00"
"1442","289056","1050201","000104450000077","1","10/31/2025","-101317795.48","8991850.00","-889901.99","0.00","0.00","164000000.00","-101317795.48","LN","0.00","0.00","0.00","0.00","-101317795.48","8991850.00","-889901.99","0.00","0.00","0.00","0.00","0.00","0.00","-12986149.70","-12986149.70","78537259.30","0.00","0.00","0.00","0.00","0.00"
"1443","292850","1050201","000104450000077","1","11/30/2025","-97650924.20","4495925.00","-829053.72","0.00","0.00","164000000.00","-97650924.20","LN","0.00","0.00","0.00","0.00","-97650924.20","4495925.00","-829053.72","0.00","0.00","0.00","0.00","0.00","0.00","-12986149.70","-12986149.70","78537259.30","0.00","0.00","0.00","0.00","0.00"
"1444","325243","1050201","000104450000077","1","12/31/2025","-98480288.28","0.00","-829364.08","0.00","0.00","164000000.00","-98480288.28","LN","0.00","0.00","0.00","0.00","-98480288.28","0.00","-829364.08","0.00","0.00","0.00","0.00","0.00","0.00","-12986149.70","-12986149.70","78537259.30","0.00","0.00","0.00","0.00","0.00"
"1445","329041","1050201","000104450000077","1","1/31/2026","-90298979.22","8991850.00","-810540.94","0.00","0.00","164000000.00","-90298979.22","LN","0.00","0.00","0.00","0.00","-90298979.22","8991850.00","-810540.94","0.00","0.00","0.00","0.00","0.00","0.00","-12986149.70","-12986149.70","78537259.30","0.00","0.00","0.00","0.00","0.00"
"1446","332855","1050201","000104450000077","1","2/28/2026","-86494527.06","4495925.00","-691472.84","0.00","0.00","164000000.00","-86494527.06","LN","0.00","0.00","0.00","0.00","-86494527.06","4495925.00","-691472.84","0.00","0.00","0.00","0.00","0.00","0.00","-12986149.70","-12986149.70","78537259.30","0.00","0.00","0.00","0.00","0.00"
"1447","336654","1050201","000104450000077","1","3/31/2026","-82730749.57","4495925.00","-732147.51","0.00","0.00","164000000.00","-82730749.57","LN","0.00","0.00","0.00","0.00","-82730749.57","4495925.00","-732147.51","0.00","0.00","0.00","0.00","0.00","0.00","-12986149.70","-12986149.70","78537259.30","0.00","0.00","0.00","0.00","0.00"
"1448","340434","1050201","000104450000077","1","4/30/2026","-78913571.61","4495925.00","-678747.04","0.00","0.00","164000000.00","-78913571.61","LN","0.00","0.00","0.00","0.00","-78913571.61","4495925.00","-678747.04","0.00","0.00","0.00","0.00","0.00","0.00","-12986149.70","-12986149.70","78537259.30","0.00","0.00","0.00","0.00","0.00"
"1449","344214","1050201","000104450000077","1","5/31/2026","-75086639.81","4495925.00","-668993.20","0.00","0.00","164000000.00","-75086639.81","LN","0.00","0.00","0.00","0.00","-75086639.81","4495925.00","-668993.20","0.00","0.00","0.00","0.00","0.00","0.00","-12986149.70","-12986149.70","78537259.30","0.00","0.00","0.00","0.00","0.00"
"1450","347994","1050201","000104450000077","1","6/30/2026","-71205401.69","4495925.00","-614686.88","0.00","0.00","164000000.00","-71205401.69","LN","0.00","0.00","0.00","0.00","-71205401.69","4495925.00","-614686.88","0.00","0.00","0.00","0.00","0.00","0.00","-12986149.70","-12986149.70","78537259.30","0.00","0.00","0.00","0.00","0.00"
"1451","351762","1050201","000104450000077","1","7/31/2026","-67313003.16","4495925.00","-603526.47","0.00","0.00","164000000.00","-67313003.16","LN","0.00","0.00","0.00","0.00","-67313003.16","4495925.00","-603526.47","0.00","0.00","0.00","0.00","0.00","0.00","-12986149.70","-12986149.70","78537259.30","0.00","0.00","0.00","0.00","0.00"
"1452","355527","1050201","000104450000077","1","8/31/2026","-63387545.92","4495925.00","-570467.76","0.00","0.00","164000000.00","-63387545.92","LN","0.00","0.00","0.00","0.00","-63387545.92","4495925.00","-570467.76","0.00","0.00","0.00","0.00","0.00","0.00","-12986149.70","-12986149.70","78537259.30","0.00","0.00","0.00","0.00","0.00"
"1453","256435","1050201","000104450000084","1","7/31/2024","-9004712.85","1605000.00","-10609712.85","0.00","0.00","10000000.00","-9004712.85","LN","0.00","0.00","0.00","0.00","-9004712.85","1605000.00","-10609712.85","0.00","0.00","0.00","0.00","0.00","0.00","0.00","0.00","0.00","0.00","0.00","0.00","0.00","0.00"
"1454","256436","1050201","000104450000084","1","8/31/2024","-8379793.97","700000.00","-75081.12","0.00","0.00","10000000.00","-8379793.97","LN","0.00","0.00","0.00","0.00","-8379793.97","700000.00","-75081.12","0.00","0.00","0.00","0.00","0.00","0.00","0.00","0.00","0.00","0.00","0.00","0.00","0.00","0.00"
"1455","256437","1050201","000104450000084","1","9/30/2024","-8448668.99","0.00","-68875.02","0.00","0.00","10000000.00","-8448668.99","LN","0.00","0.00","0.00","0.00","-8448668.99","0.00","-68875.02","0.00","0.00","0.00","0.00","0.00","0.00","0.00","0.00","0.00","0.00","0.00","0.00","0.00","0.00"
"1456","256438","1050201","000104450000084","1","10/31/2024","-7917794.67","600000.00","-69125.68","0.00","0.00","10000000.00","-7917794.67","LN","0.00","0.00","0.00","0.00","-7917794.67","600000.00","-69125.68","0.00","0.00","0.00","0.00","0.00","0.00","0.00","0.00","0.00","0.00","0.00","0.00","0.00","0.00"
"1457","256439","1050201","000104450000084","1","11/30/2024","-7982872.47","0.00","-65077.80","0.00","0.00","10000000.00","-7982872.47","LN","0.00","0.00","0.00","0.00","-7982872.47","0.00","-65077.80","0.00","0.00","0.00","0.00","0.00","0.00","0.00","0.00","0.00","0.00","0.00","0.00","0.00","0.00"
"1458","256440","1050201","000104450000084","1","12/31/2024","-8052859.35","0.00","-69986.88","0.00","0.00","10000000.00","-8052859.35","LN","0.00","0.00","0.00","0.00","-8052859.35","0.00","-69986.88","0.00","0.00","0.00","0.00","0.00","0.00","0.00","0.00","0.00","0.00","0.00","0.00","0.00","0.00"
"1459","256441","1050201","000104450000084","1","1/31/2025","-8052859.35","0.00","0.00","0.00","0.00","10000000.00","-8052859.35","LN","0.00","0.00","0.00","0.00","-8052859.35","0.00","0.00","0.00","0.00","0.00","0.00","0.00","0.00","0.00","0.00","0.00","0.00","0.00","0.00","0.00","0.00"
"1460","256442","1050201","000104450000084","1","2/28/2025","-7180015.02","1000000.00","-127155.67","0.00","0.00","10000000.00","-7180015.02","LN","0.00","0.00","0.00","0.00","-7180015.02","1000000.00","-127155.67","0.00","0.00","0.00","0.00","0.00","0.00","0.00","0.00","0.00","0.00","0.00","0.00","0.00","0.00"
"1461","256443","1050201","000104450000084","1","3/31/2025","-6639187.76","600000.00","-59172.74","0.00","0.00","10000000.00","-6639187.76","LN","0.00","0.00","0.00","0.00","-6639187.76","600000.00","-59172.74","0.00","0.00","0.00","0.00","0.00","0.00","0.00","0.00","0.00","0.00","0.00","0.00","0.00","0.00"
"1462","256444","1050201","000104450000084","1","4/30/2025","-7194852.40","0.00","-555664.64","0.00","0.00","10000000.00","-7194852.40","LN","0.00","0.00","0.00","0.00","-7194852.40","0.00","-555664.64","0.00","0.00","0.00","0.00","0.00","0.00","0.00","0.00","0.00","0.00","0.00","0.00","0.00","0.00"
"1463","256445","1050201","000104450000084","1","5/31/2025","-7255959.29","0.00","-61106.89","0.00","0.00","10000000.00","-7255959.29","LN","0.00","0.00","0.00","0.00","-7255959.29","0.00","-61106.89","0.00","0.00","0.00","0.00","0.00","0.00","0.00","0.00","0.00","0.00","0.00","0.00","0.00","0.00"
"1464","256446","1050201","000104450000084","1","6/30/2025","-7315597.19","0.00","-59637.90","0.00","0.00","10000000.00","-7315597.19","LN","0.00","0.00","0.00","0.00","-7315597.19","0.00","-59637.90","0.00","0.00","0.00","0.00","0.00","0.00","0.00","0.00","0.00","0.00","0.00","0.00","0.00","0.00"
"1465","256447","1050201","000104450000084","1","7/31/2025","-6376907.65","1000000.00","-61310.46","0.00","0.00","10000000.00","-6376907.65","LN","0.00","0.00","0.00","0.00","-6376907.65","1000000.00","-61310.46","0.00","0.00","0.00","0.00","0.00","0.00","0.00","0.00","0.00","0.00","0.00","0.00","0.00","0.00"
"1466","260863","1050201","000104450000084","1","8/31/2025","-6430818.11","0.00","-53910.46","0.00","0.00","10000000.00","-6430818.11","LN","0.00","0.00","0.00","0.00","-6430818.11","0.00","-53910.46","0.00","0.00","0.00","0.00","0.00","0.00","-786627.92","-786627.92","5005000.00","0.00","0.00","0.00","0.00","0.00"
"1467","268457","1050201","000104450000084","1","9/30/2025","-6483674.21","0.00","-52856.10","0.00","0.00","10000000.00","-6483674.21","LN","0.00","0.00","0.00","0.00","-6483674.21","0.00","-52856.10","0.00","0.00","0.00","0.00","0.00","0.00","-786627.92","-786627.92","5005000.00","0.00","0.00","0.00","0.00","0.00"
"1468","289057","1050201","000104450000084","1","10/31/2025","-6538741.06","0.00","-55066.85","0.00","0.00","10000000.00","-6538741.06","LN","0.00","0.00","0.00","0.00","-6538741.06","0.00","-55066.85","0.00","0.00","0.00","0.00","0.00","0.00","-786627.92","-786627.92","5005000.00","0.00","0.00","0.00","0.00","0.00"
"1469","292851","1050201","000104450000084","1","11/30/2025","-6592484.26","0.00","-53743.20","0.00","0.00","10000000.00","-6592484.26","LN","0.00","0.00","0.00","0.00","-6592484.26","0.00","-53743.20","0.00","0.00","0.00","0.00","0.00","0.00","-786627.92","-786627.92","5005000.00","0.00","0.00","0.00","0.00","0.00"
"1470","325244","1050201","000104450000084","1","12/31/2025","-6648475.22","0.00","-55990.96","0.00","0.00","10000000.00","-6648475.22","LN","0.00","0.00","0.00","0.00","-6648475.22","0.00","-55990.96","0.00","0.00","0.00","0.00","0.00","0.00","-786627.92","-786627.92","5005000.00","0.00","0.00","0.00","0.00","0.00"
"1471","329042","1050201","000104450000084","1","1/31/2026","-6704941.72","0.00","-56466.50","0.00","0.00","10000000.00","-6704941.72","LN","0.00","0.00","0.00","0.00","-6704941.72","0.00","-56466.50","0.00","0.00","0.00","0.00","0.00","0.00","-786627.92","-786627.92","5005000.00","0.00","0.00","0.00","0.00","0.00"
"1472","332856","1050201","000104450000084","1","2/28/2026","-6756376.88","0.00","-51435.16","0.00","0.00","10000000.00","-6756376.88","LN","0.00","0.00","0.00","0.00","-6756376.88","0.00","-51435.16","0.00","0.00","0.00","0.00","0.00","0.00","-786627.92","-786627.92","5005000.00","0.00","0.00","0.00","0.00","0.00"
"1473","336655","1050201","000104450000084","1","3/31/2026","-6813759.74","0.00","-57382.86","0.00","0.00","10000000.00","-6813759.74","LN","0.00","0.00","0.00","0.00","-6813759.74","0.00","-57382.86","0.00","0.00","0.00","0.00","0.00","0.00","-786627.92","-786627.92","5005000.00","0.00","0.00","0.00","0.00","0.00"
"1474","340435","1050201","000104450000084","1","4/30/2026","-6869763.14","0.00","-56003.40","0.00","0.00","10000000.00","-6869763.14","LN","0.00","0.00","0.00","0.00","-6869763.14","0.00","-56003.40","0.00","0.00","0.00","0.00","0.00","0.00","-786627.92","-786627.92","5005000.00","0.00","0.00","0.00","0.00","0.00"
"1475","344215","1050201","000104450000084","1","5/31/2026","-6928109.17","0.00","-58346.03","0.00","0.00","10000000.00","-6928109.17","LN","0.00","0.00","0.00","0.00","-6928109.17","0.00","-58346.03","0.00","0.00","0.00","0.00","0.00","0.00","-786627.92","-786627.92","5005000.00","0.00","0.00","0.00","0.00","0.00"
"1476","347995","1050201","000104450000084","1","6/30/2026","-6985052.47","0.00","-56943.30","0.00","0.00","10000000.00","-6985052.47","LN","0.00","0.00","0.00","0.00","-6985052.47","0.00","-56943.30","0.00","0.00","0.00","0.00","0.00","0.00","-786627.92","-786627.92","5005000.00","0.00","0.00","0.00","0.00","0.00"
"1477","351763","1050201","000104450000084","1","7/31/2026","-7044377.48","0.00","-59325.01","0.00","0.00","10000000.00","-7044377.48","LN","0.00","0.00","0.00","0.00","-7044377.48","0.00","-59325.01","0.00","0.00","0.00","0.00","0.00","0.00","-786627.92","-786627.92","5005000.00","0.00","0.00","0.00","0.00","0.00"
"1478","355528","1050201","000104450000084","1","8/31/2026","-7104206.55","0.00","-59829.07","0.00","0.00","10000000.00","-7104206.55","LN","0.00","0.00","0.00","0.00","-7104206.55","0.00","-59829.07","0.00","0.00","0.00","0.00","0.00","0.00","-786627.92","-786627.92","5005000.00","0.00","0.00","0.00","0.00","0.00"
"1479","256448","1050201","000104450000085","1","7/31/2024","-152081339.80","0.00","-152081339.80","0.00","0.00","144500000.00","-152081339.80","LN","0.00","0.00","0.00","0.00","-152081339.80","0.00","-152081339.80","0.00","0.00","0.00","0.00","0.00","0.00","0.00","0.00","0.00","0.00","0.00","0.00","0.00","0.00"
"1480","256449","1050201","000104450000085","1","8/31/2024","-153372989.54","0.00","-1291649.74","0.00","0.00","144500000.00","-153372989.54","LN","0.00","0.00","0.00","0.00","-153372989.54","0.00","-1291649.74","0.00","0.00","0.00","0.00","0.00","0.00","0.00","0.00","0.00","0.00","0.00","0.00","0.00","0.00"
"1481","256450","1050201","000104450000085","1","9/30/2024","-154633589.45","0.00","-1260599.91","0.00","0.00","144500000.00","-154633589.45","LN","0.00","0.00","0.00","0.00","-154633589.45","0.00","-1260599.91","0.00","0.00","0.00","0.00","0.00","0.00","0.00","0.00","0.00","0.00","0.00","0.00","0.00","0.00"
"1482","256451","1050201","000104450000085","1","10/31/2024","-155946915.83","0.00","-1313326.38","0.00","0.00","144500000.00","-155946915.83","LN","0.00","0.00","0.00","0.00","-155946915.83","0.00","-1313326.38","0.00","0.00","0.00","0.00","0.00","0.00","0.00","0.00","0.00","0.00","0.00","0.00","0.00","0.00"
"1483","256452","1050201","000104450000085","1","11/30/2024","-157228671.23","0.00","-1281755.40","0.00","0.00","144500000.00","-157228671.23","LN","0.00","0.00","0.00","0.00","-157228671.23","0.00","-1281755.40","0.00","0.00","0.00","0.00","0.00","0.00","0.00","0.00","0.00","0.00","0.00","0.00","0.00","0.00"
"1484","256453","1050201","000104450000085","1","12/31/2024","-158607114.43","0.00","-1378443.20","0.00","0.00","144500000.00","-158607114.43","LN","0.00","0.00","0.00","0.00","-158607114.43","0.00","-1378443.20","0.00","0.00","0.00","0.00","0.00","0.00","0.00","0.00","0.00","0.00","0.00","0.00","0.00","0.00"
"1485","256454","1050201","000104450000085","1","1/31/2025","-158607114.43","0.00","0.00","0.00","0.00","144500000.00","-158607114.43","LN","0.00","0.00","0.00","0.00","-158607114.43","0.00","0.00","0.00","0.00","0.00","0.00","0.00","0.00","0.00","0.00","0.00","0.00","0.00","0.00","0.00","0.00"
"1486","256455","1050201","000104450000085","1","2/28/2025","-161170900.43","0.00","-2563786.00","0.00","0.00","144500000.00","-161170900.43","LN","0.00","0.00","0.00","0.00","-161170900.43","0.00","-2563786.00","0.00","0.00","0.00","0.00","0.00","0.00","0.00","0.00","0.00","0.00","0.00","0.00","0.00","0.00"
"1487","256456","1050201","000104450000085","1","3/31/2025","-162539749.14","0.00","-1368848.71","0.00","0.00","144500000.00","-162539749.14","LN","0.00","0.00","0.00","0.00","-162539749.14","0.00","-1368848.71","0.00","0.00","0.00","0.00","0.00","0.00","0.00","0.00","0.00","0.00","0.00","0.00","0.00","0.00"
"1488","256457","1050201","000104450000085","1","4/30/2025","-163875692.34","0.00","-1335943.20","0.00","0.00","144500000.00","-163875692.34","LN","0.00","0.00","0.00","0.00","-163875692.34","0.00","-1335943.20","0.00","0.00","0.00","0.00","0.00","0.00","0.00","0.00","0.00","0.00","0.00","0.00","0.00","0.00"
"1489","256458","1050201","000104450000085","1","5/31/2025","-165267513.29","0.00","-1391820.95","0.00","0.00","144500000.00","-165267513.29","LN","0.00","0.00","0.00","0.00","-165267513.29","0.00","-1391820.95","0.00","0.00","0.00","0.00","0.00","0.00","0.00","0.00","0.00","0.00","0.00","0.00","0.00","0.00"
"1490","256459","1050201","000104450000085","1","6/30/2025","-166625876.39","0.00","-1358363.10","0.00","0.00","144500000.00","-166625876.39","LN","0.00","0.00","0.00","0.00","-166625876.39","0.00","-1358363.10","0.00","0.00","0.00","0.00","0.00","0.00","0.00","0.00","0.00","0.00","0.00","0.00","0.00","0.00"
"1491","256460","1050201","000104450000085","1","7/31/2025","-168041055.22","0.00","-1415178.83","0.00","0.00","144500000.00","-168041055.22","LN","0.00","0.00","0.00","0.00","-168041055.22","0.00","-1415178.83","0.00","0.00","0.00","0.00","0.00","0.00","0.00","0.00","0.00","0.00","0.00","0.00","0.00","0.00"
"1492","260864","1050201","000104450000085","1","8/31/2025","-169462488.33","0.00","-1421433.11","0.00","0.00","144500000.00","-169462488.33","LN","0.00","0.00","0.00","0.00","-169462488.33","0.00","-1421433.11","0.00","0.00","0.00","0.00","0.00","0.00","-14044929.51","-14044929.51","0.00","0.00","0.00","0.00","0.00","0.00"
"1493","268458","1050201","000104450000085","1","9/30/2025","-170855330.73","0.00","-1392842.40","0.00","0.00","144500000.00","-170855330.73","LN","0.00","0.00","0.00","0.00","-170855330.73","0.00","-1392842.40","0.00","0.00","0.00","0.00","0.00","0.00","-14044929.51","-14044929.51","0.00","0.00","0.00","0.00","0.00","0.00"
"1494","289058","1050201","000104450000085","1","10/31/2025","-172306430.81","0.00","-1451100.08","0.00","0.00","144500000.00","-172306430.81","LN","0.00","0.00","0.00","0.00","-172306430.81","0.00","-1451100.08","0.00","0.00","0.00","0.00","0.00","0.00","-14044929.51","-14044929.51","0.00","0.00","0.00","0.00","0.00","0.00"
"1495","292852","1050201","000104450000085","1","11/30/2025","-173722648.01","0.00","-1416217.20","0.00","0.00","144500000.00","-173722648.01","LN","0.00","0.00","0.00","0.00","-173722648.01","0.00","-1416217.20","0.00","0.00","0.00","0.00","0.00","0.00","-14044929.51","-14044929.51","0.00","0.00","0.00","0.00","0.00","0.00"
"1496","325245","1050201","000104450000085","1","12/31/2025","-175198100.76","0.00","-1475452.75","0.00","0.00","144500000.00","-175198100.76","LN","0.00","0.00","0.00","0.00","-175198100.76","0.00","-1475452.75","0.00","0.00","0.00","0.00","0.00","0.00","-14044929.51","-14044929.51","0.00","0.00","0.00","0.00","0.00","0.00"
"1497","329043","1050201","000104450000085","1","1/31/2026","-176686084.64","0.00","-1487983.88","0.00","0.00","144500000.00","-176686084.64","LN","0.00","0.00","0.00","0.00","-176686084.64","0.00","-1487983.88","0.00","0.00","0.00","0.00","0.00","0.00","-14044929.51","-14044929.51","0.00","0.00","0.00","0.00","0.00","0.00"
"1498","332857","1050201","000104450000085","1","2/28/2026","-178041484.84","0.00","-1355400.20","0.00","0.00","144500000.00","-178041484.84","LN","0.00","0.00","0.00","0.00","-178041484.84","0.00","-1355400.20","0.00","0.00","0.00","0.00","0.00","0.00","-14044929.51","-14044929.51","0.00","0.00","0.00","0.00","0.00","0.00"
"1499","336656","1050201","000104450000085","1","3/31/2026","-179553618.03","0.00","-1512133.19","0.00","0.00","144500000.00","-179553618.03","LN","0.00","0.00","0.00","0.00","-179553618.03","0.00","-1512133.19","0.00","0.00","0.00","0.00","0.00","0.00","-14044929.51","-14044929.51","0.00","0.00","0.00","0.00","0.00","0.00"
"1500","340436","1050201","000104450000085","1","4/30/2026","-181029401.13","0.00","-1475783.10","0.00","0.00","144500000.00","-181029401.13","LN","0.00","0.00","0.00","0.00","-181029401.13","0.00","-1475783.10","0.00","0.00","0.00","0.00","0.00","0.00","-14044929.51","-14044929.51","0.00","0.00","0.00","0.00","0.00","0.00"
"1501","344216","1050201","000104450000085","1","5/31/2026","-182566911.23","0.00","-1537510.10","0.00","0.00","144500000.00","-182566911.23","LN","0.00","0.00","0.00","0.00","-182566911.23","0.00","-1537510.10","0.00","0.00","0.00","0.00","0.00","0.00","-14044929.51","-14044929.51","0.00","0.00","0.00","0.00","0.00","0.00"
"1502","347996","1050201","000104450000085","1","6/30/2026","-184067461.13","0.00","-1500549.90","0.00","0.00","144500000.00","-184067461.13","LN","0.00","0.00","0.00","0.00","-184067461.13","0.00","-1500549.90","0.00","0.00","0.00","0.00","0.00","0.00","-14044929.51","-14044929.51","0.00","0.00","0.00","0.00","0.00","0.00"
"1503","351764","1050201","000104450000085","1","7/31/2026","-185630773.77","0.00","-1563312.64","0.00","0.00","144500000.00","-185630773.77","LN","0.00","0.00","0.00","0.00","-185630773.77","0.00","-1563312.64","0.00","0.00","0.00","0.00","0.00","0.00","-14044929.51","-14044929.51","0.00","0.00","0.00","0.00","0.00","0.00"
"1504","355529","1050201","000104450000085","1","8/31/2026","-187207364.02","0.00","-1576590.25","0.00","0.00","144500000.00","-187207364.02","LN","0.00","0.00","0.00","0.00","-187207364.02","0.00","-1576590.25","0.00","0.00","0.00","0.00","0.00","0.00","-14044929.51","-14044929.51","0.00","0.00","0.00","0.00","0.00","0.00"
"1505","256461","1050201","000104450000086","1","7/31/2024","-368562354.85","0.00","-368562354.85","0.00","0.00","350660000.00","-368562354.85","LN","0.00","0.00","0.00","0.00","-368562354.85","0.00","-368562354.85","0.00","0.00","0.00","0.00","0.00","0.00","0.00","0.00","0.00","0.00","0.00","0.00","0.00","0.00"
"1506","256462","1050201","000104450000086","1","8/31/2024","-371692610.47","0.00","-3130255.62","0.00","0.00","350660000.00","-371692610.47","LN","0.00","0.00","0.00","0.00","-371692610.47","0.00","-3130255.62","0.00","0.00","0.00","0.00","0.00","0.00","0.00","0.00","0.00","0.00","0.00","0.00","0.00","0.00"
"1507","256463","1050201","000104450000086","1","9/30/2024","-374747618.23","0.00","-3055007.76","0.00","0.00","350660000.00","-374747618.23","LN","0.00","0.00","0.00","0.00","-374747618.23","0.00","-3055007.76","0.00","0.00","0.00","0.00","0.00","0.00","0.00","0.00","0.00","0.00","0.00","0.00","0.00","0.00"
"1508","256464","1050201","000104450000086","1","10/31/2024","-377930406.22","0.00","-3182787.99","0.00","0.00","350660000.00","-377930406.22","LN","0.00","0.00","0.00","0.00","-377930406.22","0.00","-3182787.99","0.00","0.00","0.00","0.00","0.00","0.00","0.00","0.00","0.00","0.00","0.00","0.00","0.00","0.00"
"1509","256465","1050201","000104450000086","1","11/30/2024","-381036683.62","0.00","-3106277.40","0.00","0.00","350660000.00","-381036683.62","LN","0.00","0.00","0.00","0.00","-381036683.62","0.00","-3106277.40","0.00","0.00","0.00","0.00","0.00","0.00","0.00","0.00","0.00","0.00","0.00","0.00","0.00","0.00"
"1510","256466","1050201","000104450000086","1","12/31/2024","-384377279.14","0.00","-3340595.52","0.00","0.00","350660000.00","-384377279.14","LN","0.00","0.00","0.00","0.00","-384377279.14","0.00","-3340595.52","0.00","0.00","0.00","0.00","0.00","0.00","0.00","0.00","0.00","0.00","0.00","0.00","0.00","0.00"
"1511","256467","1050201","000104450000086","1","1/31/2025","-374795376.74","9581902.40","0.00","0.00","0.00","350660000.00","-374795376.74","LN","0.00","0.00","0.00","0.00","-374795376.74","9581902.40","0.00","0.00","0.00","0.00","0.00","0.00","0.00","0.00","0.00","0.00","0.00","0.00","0.00","0.00","0.00"
"1512","256468","1050201","000104450000086","1","2/28/2025","-380932468.08","0.00","-6137091.34","0.00","0.00","350660000.00","-380932468.08","LN","0.00","0.00","0.00","0.00","-380932468.08","0.00","-6137091.34","0.00","0.00","0.00","0.00","0.00","0.00","0.00","0.00","0.00","0.00","0.00","0.00","0.00","0.00"
"1513","256469","1050201","000104450000086","1","3/31/2025","-384167784.94","0.00","-3235316.86","0.00","0.00","350660000.00","-384167784.94","LN","0.00","0.00","0.00","0.00","-384167784.94","0.00","-3235316.86","0.00","0.00","0.00","0.00","0.00","0.00","0.00","0.00","0.00","0.00","0.00","0.00","0.00","0.00"
"1514","256470","1050201","000104450000086","1","4/30/2025","-387325328.44","0.00","-3157543.50","0.00","0.00","350660000.00","-387325328.44","LN","0.00","0.00","0.00","0.00","-387325328.44","0.00","-3157543.50","0.00","0.00","0.00","0.00","0.00","0.00","0.00","0.00","0.00","0.00","0.00","0.00","0.00","0.00"
"1515","256471","1050201","000104450000086","1","5/31/2025","-381316047.24","9283632.87","-3274351.67","0.00","0.00","350660000.00","-381316047.24","LN","0.00","0.00","0.00","0.00","-381316047.24","9283632.87","-3274351.67","0.00","0.00","0.00","0.00","0.00","0.00","0.00","0.00","0.00","0.00","0.00","0.00","0.00","0.00"
"1516","256472","1050201","000104450000086","1","6/30/2025","-381460756.70","2986122.56","-3130832.02","0.00","0.00","350660000.00","-381460756.70","LN","0.00","0.00","0.00","0.00","-381460756.70","2986122.56","-3130832.02","0.00","0.00","0.00","0.00","0.00","0.00","0.00","0.00","0.00","0.00","0.00","0.00","0.00","0.00"
"1517","256473","1050201","000104450000086","1","7/31/2025","-370304622.81","14375135.03","-3219001.14","0.00","0.00","350660000.00","-370304622.81","LN","0.00","0.00","0.00","0.00","-370304622.81","14375135.03","-3219001.14","0.00","0.00","0.00","0.00","0.00","0.00","0.00","0.00","0.00","0.00","0.00","0.00","0.00","0.00"
"1518","260865","1050201","000104450000086","1","8/31/2025","-373436429.09","0.00","-3131806.28","0.00","0.00","350660000.00","-373436429.09","LN","0.00","0.00","0.00","0.00","-373436429.09","0.00","-3131806.28","0.00","0.00","0.00","0.00","0.00","0.00","-33961131.44","-33961131.44","36226792.86","0.00","0.00","0.00","0.00","0.00"
"1519","268459","1050201","000104450000086","1","9/30/2025","-366868738.41","9581902.40","-3014211.72","0.00","0.00","350660000.00","-366868738.41","LN","0.00","0.00","0.00","0.00","-366868738.41","9581902.40","-3014211.72","0.00","0.00","0.00","0.00","0.00","0.00","-33961131.44","-33961131.44","36226792.86","0.00","0.00","0.00","0.00","0.00"
"1520","289059","1050201","000104450000086","1","10/31/2025","-316911864.78","52995221.45","-3038347.82","0.00","0.00","350660000.00","-316911864.78","LN","0.00","0.00","0.00","0.00","-316911864.78","52995221.45","-3038347.82","0.00","0.00","0.00","0.00","0.00","0.00","-33961131.44","-33961131.44","36226792.86","0.00","0.00","0.00","0.00","0.00"
"1521","292853","1050201","000104450000086","1","11/30/2025","-309926841.94","9581902.40","-2596879.56","0.00","0.00","350660000.00","-309926841.94","LN","0.00","0.00","0.00","0.00","-309926841.94","9581902.40","-2596879.56","0.00","0.00","0.00","0.00","0.00","0.00","-33961131.44","-33961131.44","36226792.86","0.00","0.00","0.00","0.00","0.00"
"1522","325246","1050201","000104450000086","1","12/31/2025","-312559097.20","0.00","-2632255.26","0.00","0.00","350660000.00","-312559097.20","LN","0.00","0.00","0.00","0.00","-312559097.20","0.00","-2632255.26","0.00","0.00","0.00","0.00","0.00","0.00","-33961131.44","-33961131.44","36226792.86","0.00","0.00","0.00","0.00","0.00"
"1523","329044","1050201","000104450000086","1","1/31/2026","-305579302.73","9581902.40","-2602107.93","0.00","0.00","350660000.00","-305579302.73","LN","0.00","0.00","0.00","0.00","-305579302.73","9581902.40","-2602107.93","0.00","0.00","0.00","0.00","0.00","0.00","-33961131.44","-33961131.44","36226792.86","0.00","0.00","0.00","0.00","0.00"
"1524","332858","1050201","000104450000086","1","2/28/2026","-298291691.99","9581902.40","-2294291.66","0.00","0.00","350660000.00","-298291691.99","LN","0.00","0.00","0.00","0.00","-298291691.99","9581902.40","-2294291.66","0.00","0.00","0.00","0.00","0.00","0.00","-33961131.44","-33961131.44","36226792.86","0.00","0.00","0.00","0.00","0.00"
"1525","336657","1050201","000104450000086","1","3/31/2026","-291190722.24","9581902.40","-2480932.65","0.00","0.00","350660000.00","-291190722.24","LN","0.00","0.00","0.00","0.00","-291190722.24","9581902.40","-2480932.65","0.00","0.00","0.00","0.00","0.00","0.00","-33961131.44","-33961131.44","36226792.86","0.00","0.00","0.00","0.00","0.00"
"1526","340437","1050201","000104450000086","1","4/30/2026","-283957540.18","9581902.40","-2348720.34","0.00","0.00","350660000.00","-283957540.18","LN","0.00","0.00","0.00","0.00","-283957540.18","9581902.40","-2348720.34","0.00","0.00","0.00","0.00","0.00","0.00","-33961131.44","-33961131.44","36226792.86","0.00","0.00","0.00","0.00","0.00"
"1527","344217","1050201","000104450000086","1","5/31/2026","-276755829.91","9581902.40","-2380192.13","0.00","0.00","350660000.00","-276755829.91","LN","0.00","0.00","0.00","0.00","-276755829.91","9581902.40","-2380192.13","0.00","0.00","0.00","0.00","0.00","0.00","-33961131.44","-33961131.44","36226792.86","0.00","0.00","0.00","0.00","0.00"
"1528","347997","1050201","000104450000086","1","6/30/2026","-269417130.95","9581902.40","-2243203.44","0.00","0.00","350660000.00","-269417130.95","LN","0.00","0.00","0.00","0.00","-269417130.95","9581902.40","-2243203.44","0.00","0.00","0.00","0.00","0.00","0.00","-33961131.44","-33961131.44","36226792.86","0.00","0.00","0.00","0.00","0.00"
"1529","351765","1050201","000104450000086","1","7/31/2026","-262097176.96","9581902.40","-2261948.41","0.00","0.00","350660000.00","-262097176.96","LN","0.00","0.00","0.00","0.00","-262097176.96","9581902.40","-2261948.41","0.00","0.00","0.00","0.00","0.00","0.00","-33961131.44","-33961131.44","36226792.86","0.00","0.00","0.00","0.00","0.00"
"1530","355530","1050201","000104450000086","1","8/31/2026","-254709803.35","9581902.40","-2194528.79","0.00","0.00","350660000.00","-254709803.35","LN","0.00","0.00","0.00","0.00","-254709803.35","9581902.40","-2194528.79","0.00","0.00","0.00","0.00","0.00","0.00","-33961131.44","-33961131.44","36226792.86","0.00","0.00","0.00","0.00","0.00"
"1531","256474","1050201","000104450000090","1","7/31/2024","-132592036.32","3650200.00","-136242236.32","0.00","0.00","130000000.00","-132592036.32","LN","0.00","0.00","0.00","0.00","-132592036.32","3650200.00","-136242236.32","0.00","0.00","0.00","0.00","0.00","0.00","0.00","0.00","0.00","0.00","0.00","0.00","0.00","0.00"
"1532","256475","1050201","000104450000090","1","8/31/2024","-130066960.41","3650200.00","-1125124.09","0.00","0.00","130000000.00","-130066960.41","LN","0.00","0.00","0.00","0.00","-130066960.41","3650200.00","-1125124.09","0.00","0.00","0.00","0.00","0.00","0.00","0.00","0.00","0.00","0.00","0.00","0.00","0.00","0.00"
"1533","256476","1050201","000104450000090","1","9/30/2024","-127485503.92","3650500.00","-1069043.51","0.00","0.00","130000000.00","-127485503.92","LN","0.00","0.00","0.00","0.00","-127485503.92","3650500.00","-1069043.51","0.00","0.00","0.00","0.00","0.00","0.00","0.00","0.00","0.00","0.00","0.00","0.00","0.00","0.00"
"1534","256477","1050201","000104450000090","1","10/31/2024","-124893754.23","3650500.00","-1058750.31","0.00","0.00","130000000.00","-124893754.23","LN","0.00","0.00","0.00","0.00","-124893754.23","3650500.00","-1058750.31","0.00","0.00","0.00","0.00","0.00","0.00","0.00","0.00","0.00","0.00","0.00","0.00","0.00","0.00"
"1535","256478","1050201","000104450000090","1","11/30/2024","-122249775.53","3650500.00","-1006521.30","0.00","0.00","130000000.00","-122249775.53","LN","0.00","0.00","0.00","0.00","-122249775.53","3650500.00","-1006521.30","0.00","0.00","0.00","0.00","0.00","0.00","0.00","0.00","0.00","0.00","0.00","0.00","0.00","0.00"
"1536","256479","1050201","000104450000090","1","12/31/2024","-119647051.05","3650500.00","-1047775.52","0.00","0.00","130000000.00","-119647051.05","LN","0.00","0.00","0.00","0.00","-119647051.05","3650500.00","-1047775.52","0.00","0.00","0.00","0.00","0.00","0.00","0.00","0.00","0.00","0.00","0.00","0.00","0.00","0.00"
"1537","256480","1050201","000104450000090","1","1/31/2025","-115996551.05","3650500.00","0.00","0.00","0.00","130000000.00","-115996551.05","LN","0.00","0.00","0.00","0.00","-115996551.05","3650500.00","0.00","0.00","0.00","0.00","0.00","0.00","0.00","0.00","0.00","0.00","0.00","0.00","0.00","0.00","0.00"
"1538","256481","1050201","000104450000090","1","2/28/2025","-114232065.29","3650500.00","-1886014.24","0.00","0.00","130000000.00","-114232065.29","LN","0.00","0.00","0.00","0.00","-114232065.29","3650500.00","-1886014.24","0.00","0.00","0.00","0.00","0.00","0.00","0.00","0.00","0.00","0.00","0.00","0.00","0.00","0.00"
"1539","256482","1050201","000104450000090","1","3/31/2025","-111540754.01","3650500.00","-959188.72","0.00","0.00","130000000.00","-111540754.01","LN","0.00","0.00","0.00","0.00","-111540754.01","3650500.00","-959188.72","0.00","0.00","0.00","0.00","0.00","0.00","0.00","0.00","0.00","0.00","0.00","0.00","0.00","0.00"
"1540","256483","1050201","000104450000090","1","4/30/2025","-108799026.19","3650500.00","-908772.18","0.00","0.00","130000000.00","-108799026.19","LN","0.00","0.00","0.00","0.00","-108799026.19","3650500.00","-908772.18","0.00","0.00","0.00","0.00","0.00","0.00","0.00","0.00","0.00","0.00","0.00","0.00","0.00","0.00"
"1541","256484","1050201","000104450000090","1","5/31/2025","-106066571.86","3650500.00","-918045.67","0.00","0.00","130000000.00","-106066571.86","LN","0.00","0.00","0.00","0.00","-106066571.86","3650500.00","-918045.67","0.00","0.00","0.00","0.00","0.00","0.00","0.00","0.00","0.00","0.00","0.00","0.00","0.00","0.00"
"1542","256485","1050201","000104450000090","1","6/30/2025","-103274340.84","3660000.00","-867768.98","0.00","0.00","130000000.00","-103274340.84","LN","0.00","0.00","0.00","0.00","-103274340.84","3660000.00","-867768.98","0.00","0.00","0.00","0.00","0.00","0.00","0.00","0.00","0.00","0.00","0.00","0.00","0.00","0.00"
"1543","256486","1050201","000104450000090","1","7/31/2025","-100482441.30","3661000.00","-869100.46","0.00","0.00","130000000.00","-100482441.30","LN","0.00","0.00","0.00","0.00","-100482441.30","3661000.00","-869100.46","0.00","0.00","0.00","0.00","0.00","0.00","0.00","0.00","0.00","0.00","0.00","0.00","0.00","0.00"
"1544","260866","1050201","000104450000090","1","8/31/2025","-97670178.05","3660000.00","-847736.75","0.00","0.00","130000000.00","-97670178.05","LN","0.00","0.00","0.00","0.00","-97670178.05","3660000.00","-847736.75","0.00","0.00","0.00","0.00","0.00","0.00","-11575886.46","-11575886.46","47475900.00","0.00","0.00","0.00","0.00","0.00"
"1545","268460","1050201","000104450000090","1","9/30/2025","-94793392.02","3660500.00","-783713.97","0.00","0.00","130000000.00","-94793392.02","LN","0.00","0.00","0.00","0.00","-94793392.02","3660500.00","-783713.97","0.00","0.00","0.00","0.00","0.00","0.00","-11575886.46","-11575886.46","47475900.00","0.00","0.00","0.00","0.00","0.00"
"1546","289060","1050201","000104450000090","1","10/31/2025","-91934977.90","3660500.00","-802085.88","0.00","0.00","130000000.00","-91934977.90","LN","0.00","0.00","0.00","0.00","-91934977.90","3660500.00","-802085.88","0.00","0.00","0.00","0.00","0.00","0.00","-11575886.46","-11575886.46","47475900.00","0.00","0.00","0.00","0.00","0.00"
"1547","292854","1050201","000104450000090","1","11/30/2025","-85321049.62","7360500.00","-746571.72","0.00","0.00","130000000.00","-85321049.62","LN","0.00","0.00","0.00","0.00","-85321049.62","7360500.00","-746571.72","0.00","0.00","0.00","0.00","0.00","0.00","-11575886.46","-11575886.46","47475900.00","0.00","0.00","0.00","0.00","0.00"
"1548","325247","1050201","000104450000090","1","12/31/2025","-86045694.15","0.00","-724644.53","0.00","0.00","130000000.00","-86045694.15","LN","0.00","0.00","0.00","0.00","-86045694.15","0.00","-724644.53","0.00","0.00","0.00","0.00","0.00","0.00","-11575886.46","-11575886.46","47475900.00","0.00","0.00","0.00","0.00","0.00"
"1549","329045","1050201","000104450000090","1","1/31/2026","-86776493.11","0.00","-730798.96","0.00","0.00","130000000.00","-86776493.11","LN","0.00","0.00","0.00","0.00","-86776493.11","0.00","-730798.96","0.00","0.00","0.00","0.00","0.00","0.00","-11575886.46","-11575886.46","47475900.00","0.00","0.00","0.00","0.00","0.00"
"1550","332859","1050201","000104450000090","1","2/28/2026","-87442175.75","0.00","-665682.64","0.00","0.00","130000000.00","-87442175.75","LN","0.00","0.00","0.00","0.00","-87442175.75","0.00","-665682.64","0.00","0.00","0.00","0.00","0.00","0.00","-11575886.46","-11575886.46","47475900.00","0.00","0.00","0.00","0.00","0.00"
"1551","336658","1050201","000104450000090","1","3/31/2026","-88184835.31","0.00","-742659.56","0.00","0.00","130000000.00","-88184835.31","LN","0.00","0.00","0.00","0.00","-88184835.31","0.00","-742659.56","0.00","0.00","0.00","0.00","0.00","0.00","-11575886.46","-11575886.46","47475900.00","0.00","0.00","0.00","0.00","0.00"
"1552","340438","1050201","000104450000090","1","4/30/2026","-77230403.85","11660000.00","-705568.54","0.00","0.00","130000000.00","-77230403.85","LN","0.00","0.00","0.00","0.00","-77230403.85","11660000.00","-705568.54","0.00","0.00","0.00","0.00","0.00","0.00","-11575886.46","-11575886.46","47475900.00","0.00","0.00","0.00","0.00","0.00"
"1553","344218","1050201","000104450000090","1","5/31/2026","-77886333.16","0.00","-655929.31","0.00","0.00","130000000.00","-77886333.16","LN","0.00","0.00","0.00","0.00","-77886333.16","0.00","-655929.31","0.00","0.00","0.00","0.00","0.00","0.00","-11575886.46","-11575886.46","47475900.00","0.00","0.00","0.00","0.00","0.00"
"1554","347998","1050201","000104450000090","1","6/30/2026","-78526494.76","0.00","-640161.60","0.00","0.00","130000000.00","-78526494.76","LN","0.00","0.00","0.00","0.00","-78526494.76","0.00","-640161.60","0.00","0.00","0.00","0.00","0.00","0.00","-11575886.46","-11575886.46","47475900.00","0.00","0.00","0.00","0.00","0.00"
"1555","351766","1050201","000104450000090","1","7/31/2026","-79193432.17","0.00","-666937.41","0.00","0.00","130000000.00","-79193432.17","LN","0.00","0.00","0.00","0.00","-79193432.17","0.00","-666937.41","0.00","0.00","0.00","0.00","0.00","0.00","-11575886.46","-11575886.46","47475900.00","0.00","0.00","0.00","0.00","0.00"
"1556","355531","1050201","000104450000090","1","8/31/2026","-79866033.90","0.00","-672601.73","0.00","0.00","130000000.00","-79866033.90","LN","0.00","0.00","0.00","0.00","-79866033.90","0.00","-672601.73","0.00","0.00","0.00","0.00","0.00","0.00","-11575886.46","-11575886.46","47475900.00","0.00","0.00","0.00","0.00","0.00"
"1557","256487","1050201","000104450000091","1","7/31/2024","-208473384.46","0.00","-208473384.46","0.00","0.00","200000000.00","-208473384.46","LN","0.00","0.00","0.00","0.00","-208473384.46","0.00","-208473384.46","0.00","0.00","0.00","0.00","0.00","0.00","0.00","0.00","0.00","0.00","0.00","0.00","0.00","0.00"
"1558","256488","1050201","000104450000091","1","8/31/2024","-210243980.33","0.00","-1770595.87","0.00","0.00","200000000.00","-210243980.33","LN","0.00","0.00","0.00","0.00","-210243980.33","0.00","-1770595.87","0.00","0.00","0.00","0.00","0.00","0.00","0.00","0.00","0.00","0.00","0.00","0.00","0.00","0.00"
"1559","256489","1050201","000104450000091","1","9/30/2024","-211972013.05","0.00","-1728032.72","0.00","0.00","200000000.00","-211972013.05","LN","0.00","0.00","0.00","0.00","-211972013.05","0.00","-1728032.72","0.00","0.00","0.00","0.00","0.00","0.00","0.00","0.00","0.00","0.00","0.00","0.00","0.00","0.00"
"1560","256490","1050201","000104450000091","1","10/31/2024","-213772323.30","0.00","-1800310.25","0.00","0.00","200000000.00","-213772323.30","LN","0.00","0.00","0.00","0.00","-213772323.30","0.00","-1800310.25","0.00","0.00","0.00","0.00","0.00","0.00","0.00","0.00","0.00","0.00","0.00","0.00","0.00","0.00"
"1561","256491","1050201","000104450000091","1","11/30/2024","-215529356.10","0.00","-1757032.80","0.00","0.00","200000000.00","-215529356.10","LN","0.00","0.00","0.00","0.00","-215529356.10","0.00","-1757032.80","0.00","0.00","0.00","0.00","0.00","0.00","0.00","0.00","0.00","0.00","0.00","0.00","0.00","0.00"
"1562","256492","1050201","000104450000091","1","12/31/2024","-217418928.58","0.00","-1889572.48","0.00","0.00","200000000.00","-217418928.58","LN","0.00","0.00","0.00","0.00","-217418928.58","0.00","-1889572.48","0.00","0.00","0.00","0.00","0.00","0.00","0.00","0.00","0.00","0.00","0.00","0.00","0.00","0.00"
"1563","256493","1050201","000104450000091","1","1/31/2025","-217418928.58","0.00","0.00","0.00","0.00","200000000.00","-217418928.58","LN","0.00","0.00","0.00","0.00","-217418928.58","0.00","0.00","0.00","0.00","0.00","0.00","0.00","0.00","0.00","0.00","0.00","0.00","0.00","0.00","0.00","0.00"
"1564","256494","1050201","000104450000091","1","2/28/2025","-220933371.55","0.00","-3514442.97","0.00","0.00","200000000.00","-220933371.55","LN","0.00","0.00","0.00","0.00","-220933371.55","0.00","-3514442.97","0.00","0.00","0.00","0.00","0.00","0.00","0.00","0.00","0.00","0.00","0.00","0.00","0.00","0.00"
"1565","256495","1050201","000104450000091","1","3/31/2025","-222809791.94","0.00","-1876420.39","0.00","0.00","200000000.00","-222809791.94","LN","0.00","0.00","0.00","0.00","-222809791.94","0.00","-1876420.39","0.00","0.00","0.00","0.00","0.00","0.00","0.00","0.00","0.00","0.00","0.00","0.00","0.00","0.00"
"1566","256496","1050201","000104450000091","1","4/30/2025","-224641105.34","0.00","-1831313.40","0.00","0.00","200000000.00","-224641105.34","LN","0.00","0.00","0.00","0.00","-224641105.34","0.00","-1831313.40","0.00","0.00","0.00","0.00","0.00","0.00","0.00","0.00","0.00","0.00","0.00","0.00","0.00","0.00"
"1567","256497","1050201","000104450000091","1","5/31/2025","-226549016.15","0.00","-1907910.81","0.00","0.00","200000000.00","-226549016.15","LN","0.00","0.00","0.00","0.00","-226549016.15","0.00","-1907910.81","0.00","0.00","0.00","0.00","0.00","0.00","0.00","0.00","0.00","0.00","0.00","0.00","0.00","0.00"
"1568","256498","1050201","000104450000091","1","6/30/2025","-228411062.75","0.00","-1862046.60","0.00","0.00","200000000.00","-228411062.75","LN","0.00","0.00","0.00","0.00","-228411062.75","0.00","-1862046.60","0.00","0.00","0.00","0.00","0.00","0.00","0.00","0.00","0.00","0.00","0.00","0.00","0.00","0.00"
"1569","256499","1050201","000104450000091","1","7/31/2025","-230350992.22","0.00","-1939929.47","0.00","0.00","200000000.00","-230350992.22","LN","0.00","0.00","0.00","0.00","-230350992.22","0.00","-1939929.47","0.00","0.00","0.00","0.00","0.00","0.00","0.00","0.00","0.00","0.00","0.00","0.00","0.00","0.00"
"1570","260867","1050201","000104450000091","1","8/31/2025","-232299495.17","0.00","-1948502.95","0.00","0.00","200000000.00","-232299495.17","LN","0.00","0.00","0.00","0.00","-232299495.17","0.00","-1948502.95","0.00","0.00","0.00","0.00","0.00","0.00","-22572317.20","-22572317.20","0.00","0.00","0.00","0.00","0.00","0.00"
"1571","268461","1050201","000104450000091","1","9/30/2025","-234208806.17","0.00","-1909311.00","0.00","0.00","200000000.00","-234208806.17","LN","0.00","0.00","0.00","0.00","-234208806.17","0.00","-1909311.00","0.00","0.00","0.00","0.00","0.00","0.00","-22572317.20","-22572317.20","0.00","0.00","0.00","0.00","0.00","0.00"
"1572","289061","1050201","000104450000091","1","10/31/2025","-236197976.97","0.00","-1989170.80","0.00","0.00","200000000.00","-236197976.97","LN","0.00","0.00","0.00","0.00","-236197976.97","0.00","-1989170.80","0.00","0.00","0.00","0.00","0.00","0.00","-22572317.20","-22572317.20","0.00","0.00","0.00","0.00","0.00","0.00"
"1573","292855","1050201","000104450000091","1","11/30/2025","-238139330.07","0.00","-1941353.10","0.00","0.00","200000000.00","-238139330.07","LN","0.00","0.00","0.00","0.00","-238139330.07","0.00","-1941353.10","0.00","0.00","0.00","0.00","0.00","0.00","-22572317.20","-22572317.20","0.00","0.00","0.00","0.00","0.00","0.00"
"1574","325248","1050201","000104450000091","1","12/31/2025","-238139330.07","0.00","0.00","0.00","0.00","200000000.00","-238139330.07","LN","0.00","0.00","0.00","0.00","-238139330.07","0.00","0.00","0.00","0.00","0.00","0.00","0.00","0.00","-22572317.20","-22572317.20","0.00","0.00","0.00","0.00","0.00","0.00"
"1575","329046","1050201","000104450000091","1","1/31/2026","-238139330.07","0.00","0.00","0.00","0.00","200000000.00","-238139330.07","LN","0.00","0.00","0.00","0.00","-238139330.07","0.00","0.00","0.00","0.00","0.00","0.00","0.00","0.00","-22572317.20","-22572317.20","0.00","0.00","0.00","0.00","0.00","0.00"
"1576","332860","1050201","000104450000091","1","2/28/2026","-238139330.07","0.00","0.00","0.00","0.00","200000000.00","-238139330.07","LN","0.00","0.00","0.00","0.00","-238139330.07","0.00","0.00","0.00","0.00","0.00","0.00","0.00","0.00","-22572317.20","-22572317.20","0.00","0.00","0.00","0.00","0.00","0.00"
"1577","336659","1050201","000104450000091","1","3/31/2026","-238139330.07","0.00","0.00","0.00","0.00","200000000.00","-238139330.07","LN","0.00","0.00","0.00","0.00","-238139330.07","0.00","0.00","0.00","0.00","0.00","0.00","0.00","0.00","-22572317.20","-22572317.20","0.00","0.00","0.00","0.00","0.00","0.00"
"1578","340439","1050201","000104450000091","1","4/30/2026","-238139330.07","0.00","0.00","0.00","0.00","200000000.00","-238139330.07","LN","0.00","0.00","0.00","0.00","-238139330.07","0.00","0.00","0.00","0.00","0.00","0.00","0.00","0.00","-22572317.20","-22572317.20","0.00","0.00","0.00","0.00","0.00","0.00"
"1579","344219","1050201","000104450000091","1","5/31/2026","-238139330.07","0.00","0.00","0.00","0.00","200000000.00","-238139330.07","LN","0.00","0.00","0.00","0.00","-238139330.07","0.00","0.00","0.00","0.00","0.00","0.00","0.00","0.00","-22572317.20","-22572317.20","0.00","0.00","0.00","0.00","0.00","0.00"
"1580","347999","1050201","000104450000091","1","6/30/2026","-238139330.07","0.00","0.00","0.00","0.00","200000000.00","-238139330.07","LN","0.00","0.00","0.00","0.00","-238139330.07","0.00","0.00","0.00","0.00","0.00","0.00","0.00","0.00","-22572317.20","-22572317.20","0.00","0.00","0.00","0.00","0.00","0.00"
"1581","351767","1050201","000104450000091","1","7/31/2026","-238139330.07","0.00","0.00","0.00","0.00","200000000.00","-238139330.07","LN","0.00","0.00","0.00","0.00","-238139330.07","0.00","0.00","0.00","0.00","0.00","0.00","0.00","0.00","-22572317.20","-22572317.20","0.00","0.00","0.00","0.00","0.00","0.00"
"1582","355532","1050201","000104450000091","1","8/31/2026","-238139330.07","0.00","0.00","0.00","0.00","200000000.00","-238139330.07","LN","0.00","0.00","0.00","0.00","-238139330.07","0.00","0.00","0.00","0.00","0.00","0.00","0.00","0.00","-22572317.20","-22572317.20","0.00","0.00","0.00","0.00","0.00","0.00"
"1583","256500","1050201","000104450000095","1","7/31/2024","-50063888.89","1200000.00","-51263888.89","0.00","0.00","50000000.00","-50063888.89","LN","0.00","0.00","0.00","0.00","-50063888.89","1200000.00","-51263888.89","0.00","0.00","0.00","0.00","0.00","0.00","0.00","0.00","0.00","0.00","0.00","0.00","0.00","0.00"
"1584","256501","1050201","000104450000095","1","8/31/2024","-50489089.04","0.00","-425200.15","0.00","0.00","50000000.00","-50489089.04","LN","0.00","0.00","0.00","0.00","-50489089.04","0.00","-425200.15","0.00","0.00","0.00","0.00","0.00","0.00","0.00","0.00","0.00","0.00","0.00","0.00","0.00","0.00"
"1585","256502","1050201","000104450000095","1","9/30/2024","-50904067.85","0.00","-414978.81","0.00","0.00","50000000.00","-50904067.85","LN","0.00","0.00","0.00","0.00","-50904067.85","0.00","-414978.81","0.00","0.00","0.00","0.00","0.00","0.00","0.00","0.00","0.00","0.00","0.00","0.00","0.00","0.00"
"1586","256503","1050201","000104450000095","1","10/31/2024","-43437806.51","7880000.00","-413738.66","0.00","0.00","50000000.00","-43437806.51","LN","0.00","0.00","0.00","0.00","-43437806.51","7880000.00","-413738.66","0.00","0.00","0.00","0.00","0.00","0.00","0.00","0.00","0.00","0.00","0.00","0.00","0.00","0.00"
"1587","256504","1050201","000104450000095","1","11/30/2024","-42594500.84","1200000.00","-356694.33","0.00","0.00","50000000.00","-42594500.84","LN","0.00","0.00","0.00","0.00","-42594500.84","1200000.00","-356694.33","0.00","0.00","0.00","0.00","0.00","0.00","0.00","0.00","0.00","0.00","0.00","0.00","0.00","0.00"
"1588","256505","1050201","000104450000095","1","12/31/2024","-42967932.20","0.00","-373431.36","0.00","0.00","50000000.00","-42967932.20","LN","0.00","0.00","0.00","0.00","-42967932.20","0.00","-373431.36","0.00","0.00","0.00","0.00","0.00","0.00","0.00","0.00","0.00","0.00","0.00","0.00","0.00","0.00"
"1589","256506","1050201","000104450000095","1","1/31/2025","-42967932.20","0.00","0.00","0.00","0.00","50000000.00","-42967932.20","LN","0.00","0.00","0.00","0.00","-42967932.20","0.00","0.00","0.00","0.00","0.00","0.00","0.00","0.00","0.00","0.00","0.00","0.00","0.00","0.00","0.00","0.00"
"1590","256507","1050201","000104450000095","1","2/28/2025","-43662482.56","0.00","-694550.36","0.00","0.00","50000000.00","-43662482.56","LN","0.00","0.00","0.00","0.00","-43662482.56","0.00","-694550.36","0.00","0.00","0.00","0.00","0.00","0.00","0.00","0.00","0.00","0.00","0.00","0.00","0.00","0.00"
"1591","256508","1050201","000104450000095","1","3/31/2025","-44033314.48","0.00","-370831.92","0.00","0.00","50000000.00","-44033314.48","LN","0.00","0.00","0.00","0.00","-44033314.48","0.00","-370831.92","0.00","0.00","0.00","0.00","0.00","0.00","0.00","0.00","0.00","0.00","0.00","0.00","0.00","0.00"
"1592","256509","1050201","000104450000095","1","4/30/2025","-44395232.08","0.00","-361917.60","0.00","0.00","50000000.00","-44395232.08","LN","0.00","0.00","0.00","0.00","-44395232.08","0.00","-361917.60","0.00","0.00","0.00","0.00","0.00","0.00","0.00","0.00","0.00","0.00","0.00","0.00","0.00","0.00"
"1593","256510","1050201","000104450000095","1","5/31/2025","-44772287.56","0.00","-377055.48","0.00","0.00","50000000.00","-44772287.56","LN","0.00","0.00","0.00","0.00","-44772287.56","0.00","-377055.48","0.00","0.00","0.00","0.00","0.00","0.00","0.00","0.00","0.00","0.00","0.00","0.00","0.00","0.00"
"1594","256511","1050201","000104450000095","1","6/30/2025","-45140278.96","0.00","-367991.40","0.00","0.00","50000000.00","-45140278.96","LN","0.00","0.00","0.00","0.00","-45140278.96","0.00","-367991.40","0.00","0.00","0.00","0.00","0.00","0.00","0.00","0.00","0.00","0.00","0.00","0.00","0.00","0.00"
"1595","256512","1050201","000104450000095","1","7/31/2025","-45523662.16","0.00","-383383.20","0.00","0.00","50000000.00","-45523662.16","LN","0.00","0.00","0.00","0.00","-45523662.16","0.00","-383383.20","0.00","0.00","0.00","0.00","0.00","0.00","0.00","0.00","0.00","0.00","0.00","0.00","0.00","0.00"
"1596","260868","1050201","000104450000095","1","8/31/2025","-45908739.76","0.00","-385077.60","0.00","0.00","50000000.00","-45908739.76","LN","0.00","0.00","0.00","0.00","-45908739.76","0.00","-385077.60","0.00","0.00","0.00","0.00","0.00","0.00","-2678593.67","-2678593.67","10280000.00","0.00","0.00","0.00","0.00","0.00"
"1597","268462","1050201","000104450000095","1","9/30/2025","-46286071.96","0.00","-377332.20","0.00","0.00","50000000.00","-46286071.96","LN","0.00","0.00","0.00","0.00","-46286071.96","0.00","-377332.20","0.00","0.00","0.00","0.00","0.00","0.00","-2678593.67","-2678593.67","10280000.00","0.00","0.00","0.00","0.00","0.00"
"1598","289062","1050201","000104450000095","1","10/31/2025","-46679186.68","0.00","-393114.72","0.00","0.00","50000000.00","-46679186.68","LN","0.00","0.00","0.00","0.00","-46679186.68","0.00","-393114.72","0.00","0.00","0.00","0.00","0.00","0.00","-2678593.67","-2678593.67","10280000.00","0.00","0.00","0.00","0.00","0.00"
"1599","292856","1050201","000104450000095","1","11/30/2025","-47062851.28","0.00","-383664.60","0.00","0.00","50000000.00","-47062851.28","LN","0.00","0.00","0.00","0.00","-47062851.28","0.00","-383664.60","0.00","0.00","0.00","0.00","0.00","0.00","-2678593.67","-2678593.67","10280000.00","0.00","0.00","0.00","0.00","0.00"
"1600","325249","1050201","000104450000095","1","12/31/2025","-47062851.28","0.00","0.00","0.00","0.00","50000000.00","-47062851.28","LN","0.00","0.00","0.00","0.00","-47062851.28","0.00","0.00","0.00","0.00","0.00","0.00","0.00","0.00","-2678593.67","-2678593.67","10280000.00","0.00","0.00","0.00","0.00","0.00"
"1601","329047","1050201","000104450000095","1","1/31/2026","-47062851.28","0.00","0.00","0.00","0.00","50000000.00","-47062851.28","LN","0.00","0.00","0.00","0.00","-47062851.28","0.00","0.00","0.00","0.00","0.00","0.00","0.00","0.00","-2678593.67","-2678593.67","10280000.00","0.00","0.00","0.00","0.00","0.00"
"1602","332861","1050201","000104450000095","1","2/28/2026","-47062851.28","0.00","0.00","0.00","0.00","50000000.00","-47062851.28","LN","0.00","0.00","0.00","0.00","-47062851.28","0.00","0.00","0.00","0.00","0.00","0.00","0.00","0.00","-2678593.67","-2678593.67","10280000.00","0.00","0.00","0.00","0.00","0.00"
"1603","336660","1050201","000104450000095","1","3/31/2026","-47062851.28","0.00","0.00","0.00","0.00","50000000.00","-47062851.28","LN","0.00","0.00","0.00","0.00","-47062851.28","0.00","0.00","0.00","0.00","0.00","0.00","0.00","0.00","-2678593.67","-2678593.67","10280000.00","0.00","0.00","0.00","0.00","0.00"
"1604","340440","1050201","000104450000095","1","4/30/2026","-47062851.28","0.00","0.00","0.00","0.00","50000000.00","-47062851.28","LN","0.00","0.00","0.00","0.00","-47062851.28","0.00","0.00","0.00","0.00","0.00","0.00","0.00","0.00","-2678593.67","-2678593.67","10280000.00","0.00","0.00","0.00","0.00","0.00"
"1605","344220","1050201","000104450000095","1","5/31/2026","-47062851.28","0.00","0.00","0.00","0.00","50000000.00","-47062851.28","LN","0.00","0.00","0.00","0.00","-47062851.28","0.00","0.00","0.00","0.00","0.00","0.00","0.00","0.00","-2678593.67","-2678593.67","10280000.00","0.00","0.00","0.00","0.00","0.00"
"1606","348000","1050201","000104450000095","1","6/30/2026","-47062851.28","0.00","0.00","0.00","0.00","50000000.00","-47062851.28","LN","0.00","0.00","0.00","0.00","-47062851.28","0.00","0.00","0.00","0.00","0.00","0.00","0.00","0.00","-2678593.67","-2678593.67","10280000.00","0.00","0.00","0.00","0.00","0.00"
"1607","351768","1050201","000104450000095","1","7/31/2026","-47062851.28","0.00","0.00","0.00","0.00","50000000.00","-47062851.28","LN","0.00","0.00","0.00","0.00","-47062851.28","0.00","0.00","0.00","0.00","0.00","0.00","0.00","0.00","-2678593.67","-2678593.67","10280000.00","0.00","0.00","0.00","0.00","0.00"
"1608","355533","1050201","000104450000095","1","8/31/2026","-47062851.28","0.00","0.00","0.00","0.00","50000000.00","-47062851.28","LN","0.00","0.00","0.00","0.00","-47062851.28","0.00","0.00","0.00","0.00","0.00","0.00","0.00","0.00","-2678593.67","-2678593.67","10280000.00","0.00","0.00","0.00","0.00","0.00"
"1609","355534","1050201","000104450000098","1","8/31/2026","-330632876.72","0.00","-330632876.72","0.00","0.00","330000000.00","-330632876.72","LN","0.00","0.00","0.00","0.00","-330632876.72","0.00","-330632876.72","0.00","0.00","0.00","0.00","0.00","0.00","","","","","","","0.00","0.00"
"1610","256513","1050202","000104460000017","1","7/31/2024","-16429271.44","786000.00","-17215271.44","0.00","0.00","14677500.00","-16429271.44","LN","0.00","0.00","0.00","0.00","-16429271.44","786000.00","-17215271.44","0.00","0.00","0.00","0.00","0.00","0.00","0.00","0.00","0.00","0.00","0.00","0.00","0.00","0.00"
"1611","256514","1050202","000104460000017","1","8/31/2024","-16568807.72","0.00","-139536.28","0.00","0.00","14677500.00","-16568807.72","LN","0.00","0.00","0.00","0.00","-16568807.72","0.00","-139536.28","0.00","0.00","0.00","0.00","0.00","0.00","0.00","0.00","0.00","0.00","0.00","0.00","0.00","0.00"
"1612","256515","1050202","000104460000017","1","9/30/2024","-16704989.70","0.00","-136181.98","0.00","0.00","14677500.00","-16704989.70","LN","0.00","0.00","0.00","0.00","-16704989.70","0.00","-136181.98","0.00","0.00","0.00","0.00","0.00","0.00","0.00","0.00","0.00","0.00","0.00","0.00","0.00","0.00"
"1613","256516","1050202","000104460000017","1","10/31/2024","-349021.15","30000000.00","-13644031.45","0.00","0.00","14677500.00","-349021.15","LN","0.00","0.00","0.00","0.00","-349021.15","30000000.00","-13644031.45","0.00","0.00","0.00","0.00","0.00","0.00","0.00","0.00","0.00","0.00","0.00","0.00","0.00","0.00"
"1614","256517","1050202","000104460000017","1","11/30/2024","-351889.75","0.00","-2868.60","0.00","0.00","14677500.00","-351889.75","LN","0.00","0.00","0.00","0.00","-351889.75","0.00","-2868.60","0.00","0.00","0.00","0.00","0.00","0.00","0.00","0.00","0.00","0.00","0.00","0.00","0.00","0.00"
"1615","256518","1050202","000104460000017","1","12/31/2024","-354878.46","0.00","-2988.71","0.00","0.00","14677500.00","-354878.46","LN","0.00","0.00","0.00","0.00","-354878.46","0.00","-2988.71","0.00","0.00","0.00","0.00","0.00","0.00","0.00","0.00","0.00","0.00","0.00","0.00","0.00","0.00"
"1616","256519","1050202","000104460000017","1","1/31/2025","-357989.82","0.00","-3111.36","0.00","0.00","14677500.00","-357989.82","LN","0.00","0.00","0.00","0.00","-357989.82","0.00","-3111.36","0.00","0.00","0.00","0.00","0.00","0.00","0.00","0.00","0.00","0.00","0.00","0.00","0.00","0.00"
"1617","256520","1050202","000104460000017","1","2/28/2025","-360736.06","0.00","-2746.24","0.00","0.00","14677500.00","-360736.06","LN","0.00","0.00","0.00","0.00","-360736.06","0.00","-2746.24","0.00","0.00","0.00","0.00","0.00","0.00","0.00","0.00","0.00","0.00","0.00","0.00","0.00","0.00"
"1618","256521","1050202","000104460000017","1","3/31/2025","-363898.62","0.00","-3162.56","0.00","0.00","14677500.00","-363898.62","LN","0.00","0.00","0.00","0.00","-363898.62","0.00","-3162.56","0.00","0.00","0.00","0.00","0.00","0.00","0.00","0.00","0.00","0.00","0.00","0.00","0.00","0.00"
"1619","256522","1050202","000104460000017","1","4/30/2025","-366889.62","0.00","-2991.00","0.00","0.00","14677500.00","-366889.62","LN","0.00","0.00","0.00","0.00","-366889.62","0.00","-2991.00","0.00","0.00","0.00","0.00","0.00","0.00","0.00","0.00","0.00","0.00","0.00","0.00","0.00","0.00"
"1620","256523","1050202","000104460000017","1","5/31/2025","-370005.74","0.00","-3116.12","0.00","0.00","14677500.00","-370005.74","LN","0.00","0.00","0.00","0.00","-370005.74","0.00","-3116.12","0.00","0.00","0.00","0.00","0.00","0.00","0.00","0.00","0.00","0.00","0.00","0.00","0.00","0.00"
"1621","256524","1050202","000104460000017","1","6/30/2025","-373046.84","0.00","-3041.10","0.00","0.00","14677500.00","-373046.84","LN","0.00","0.00","0.00","0.00","-373046.84","0.00","-3041.10","0.00","0.00","0.00","0.00","0.00","0.00","0.00","0.00","0.00","0.00","0.00","0.00","0.00","0.00"
"1622","256525","1050202","000104460000017","1","7/31/2025","-376215.04","0.00","-3168.20","0.00","0.00","14677500.00","-376215.04","LN","0.00","0.00","0.00","0.00","-376215.04","0.00","-3168.20","0.00","0.00","0.00","0.00","0.00","0.00","0.00","0.00","0.00","0.00","0.00","0.00","0.00","0.00"
"1623","260869","1050202","000104460000017","1","8/31/2025","-379406.77","0.00","-3191.73","0.00","0.00","14677500.00","-379406.77","LN","0.00","0.00","0.00","0.00","-379406.77","0.00","-3191.73","0.00","0.00","0.00","0.00","0.00","0.00","-11714.91","-11714.91","30786000.00","0.00","0.00","0.00","0.00","0.00"
"1624","268463","1050202","000104460000017","1","9/30/2025","-382525.27","0.00","-3118.50","0.00","0.00","14677500.00","-382525.27","LN","0.00","0.00","0.00","0.00","-382525.27","0.00","-3118.50","0.00","0.00","0.00","0.00","0.00","0.00","-11714.91","-11714.91","30786000.00","0.00","0.00","0.00","0.00","0.00"
"1625","289063","1050202","000104460000017","1","10/31/2025","-385774.07","0.00","-3248.80","0.00","0.00","14677500.00","-385774.07","LN","0.00","0.00","0.00","0.00","-385774.07","0.00","-3248.80","0.00","0.00","0.00","0.00","0.00","0.00","-11714.91","-11714.91","30786000.00","0.00","0.00","0.00","0.00","0.00"
"1626","292857","1050202","000104460000017","1","11/30/2025","-388944.77","0.00","-3170.70","0.00","0.00","14677500.00","-388944.77","LN","0.00","0.00","0.00","0.00","-388944.77","0.00","-3170.70","0.00","0.00","0.00","0.00","0.00","0.00","-11714.91","-11714.91","30786000.00","0.00","0.00","0.00","0.00","0.00"
"1627","325250","1050202","000104460000017","1","12/31/2025","-388944.77","0.00","0.00","0.00","0.00","14677500.00","-388944.77","LN","0.00","0.00","0.00","0.00","-388944.77","0.00","0.00","0.00","0.00","0.00","0.00","0.00","0.00","-11714.91","-11714.91","30786000.00","0.00","0.00","0.00","0.00","0.00"
"1628","329048","1050202","000104460000017","1","1/31/2026","-388944.77","0.00","0.00","0.00","0.00","14677500.00","-388944.77","LN","0.00","0.00","0.00","0.00","-388944.77","0.00","0.00","0.00","0.00","0.00","0.00","0.00","0.00","-11714.91","-11714.91","30786000.00","0.00","0.00","0.00","0.00","0.00"
"1629","332862","1050202","000104460000017","1","2/28/2026","-388944.77","0.00","0.00","0.00","0.00","14677500.00","-388944.77","LN","0.00","0.00","0.00","0.00","-388944.77","0.00","0.00","0.00","0.00","0.00","0.00","0.00","0.00","-11714.91","-11714.91","30786000.00","0.00","0.00","0.00","0.00","0.00"
"1630","336661","1050202","000104460000017","1","3/31/2026","-388944.77","0.00","0.00","0.00","0.00","14677500.00","-388944.77","LN","0.00","0.00","0.00","0.00","-388944.77","0.00","0.00","0.00","0.00","0.00","0.00","0.00","0.00","-11714.91","-11714.91","30786000.00","0.00","0.00","0.00","0.00","0.00"
"1631","340441","1050202","000104460000017","1","4/30/2026","-388944.77","0.00","0.00","0.00","0.00","14677500.00","-388944.77","LN","0.00","0.00","0.00","0.00","-388944.77","0.00","0.00","0.00","0.00","0.00","0.00","0.00","0.00","-11714.91","-11714.91","30786000.00","0.00","0.00","0.00","0.00","0.00"
"1632","344221","1050202","000104460000017","1","5/31/2026","-388944.77","0.00","0.00","0.00","0.00","14677500.00","-388944.77","LN","0.00","0.00","0.00","0.00","-388944.77","0.00","0.00","0.00","0.00","0.00","0.00","0.00","0.00","-11714.91","-11714.91","30786000.00","0.00","0.00","0.00","0.00","0.00"
"1633","348001","1050202","000104460000017","1","6/30/2026","0.00","388944.77","0.00","0.00","0.00","14677500.00","0.00","LN","0.00","0.00","0.00","0.00","0.00","388944.77","0.00","0.00","0.00","0.00","0.00","0.00","0.00","-11714.91","-11714.91","30786000.00","0.00","0.00","0.00","0.00","0.00"
"1634","256526","1050202","000104460000024","1","7/31/2024","-4905046.86","8700000.00","-13605046.86","0.00","0.00","12000000.00","-4905046.86","LN","0.00","0.00","0.00","0.00","-4905046.86","8700000.00","-13605046.86","0.00","0.00","0.00","0.00","0.00","0.00","0.00","0.00","0.00","0.00","0.00","0.00","0.00","0.00"
"1635","256527","1050202","000104460000024","1","8/31/2024","-4946706.16","0.00","-41659.30","0.00","0.00","12000000.00","-4946706.16","LN","0.00","0.00","0.00","0.00","-4946706.16","0.00","-41659.30","0.00","0.00","0.00","0.00","0.00","0.00","0.00","0.00","0.00","0.00","0.00","0.00","0.00","0.00"
"1636","256528","1050202","000104460000024","1","9/30/2024","29678.33","4988417.47","-12032.98","0.00","0.00","12000000.00","29678.33","LN","0.00","0.00","0.00","0.00","29678.33","4988417.47","-12032.98","0.00","0.00","0.00","0.00","0.00","0.00","0.00","0.00","0.00","0.00","0.00","0.00","0.00","0.00"
"1637","256529","1050202","000104460000024","1","10/31/2024","29678.33","0.00","0.00","0.00","0.00","12000000.00","29678.33","LN","0.00","0.00","0.00","0.00","29678.33","0.00","0.00","0.00","0.00","0.00","0.00","0.00","0.00","0.00","0.00","0.00","0.00","0.00","0.00","0.00","0.00"
"1638","256530","1050202","000104460000024","1","11/30/2024","29678.33","0.00","0.00","0.00","0.00","12000000.00","29678.33","LN","0.00","0.00","0.00","0.00","29678.33","0.00","0.00","0.00","0.00","0.00","0.00","0.00","0.00","0.00","0.00","0.00","0.00","0.00","0.00","0.00","0.00"
"1639","256531","1050202","000104460000024","1","12/31/2024","29678.33","0.00","0.00","0.00","0.00","12000000.00","29678.33","LN","0.00","0.00","0.00","0.00","29678.33","0.00","0.00","0.00","0.00","0.00","0.00","0.00","0.00","0.00","0.00","0.00","0.00","0.00","0.00","0.00","0.00"
"1640","256532","1050202","000104460000024","1","1/31/2025","29678.33","0.00","0.00","0.00","0.00","12000000.00","29678.33","LN","0.00","0.00","0.00","0.00","29678.33","0.00","0.00","0.00","0.00","0.00","0.00","0.00","0.00","0.00","0.00","0.00","0.00","0.00","0.00","0.00","0.00"
"1641","256533","1050202","000104460000024","1","2/28/2025","29678.33","0.00","0.00","0.00","0.00","12000000.00","29678.33","LN","0.00","0.00","0.00","0.00","29678.33","0.00","0.00","0.00","0.00","0.00","0.00","0.00","0.00","0.00","0.00","0.00","0.00","0.00","0.00","0.00","0.00"
"1642","256534","1050202","000104460000024","1","3/31/2025","29678.33","0.00","0.00","0.00","0.00","12000000.00","29678.33","LN","0.00","0.00","0.00","0.00","29678.33","0.00","0.00","0.00","0.00","0.00","0.00","0.00","0.00","0.00","0.00","0.00","0.00","0.00","0.00","0.00","0.00"
"1643","256535","1050202","000104460000024","1","4/30/2025","29678.33","0.00","0.00","0.00","0.00","12000000.00","29678.33","LN","0.00","0.00","0.00","0.00","29678.33","0.00","0.00","0.00","0.00","0.00","0.00","0.00","0.00","0.00","0.00","0.00","0.00","0.00","0.00","0.00","0.00"
"1644","256536","1050202","000104460000024","1","5/31/2025","29678.33","0.00","0.00","0.00","0.00","12000000.00","29678.33","LN","0.00","0.00","0.00","0.00","29678.33","0.00","0.00","0.00","0.00","0.00","0.00","0.00","0.00","0.00","0.00","0.00","0.00","0.00","0.00","0.00","0.00"
"1645","256537","1050202","000104460000024","1","6/30/2025","29678.33","0.00","0.00","0.00","0.00","12000000.00","29678.33","LN","0.00","0.00","0.00","0.00","29678.33","0.00","0.00","0.00","0.00","0.00","0.00","0.00","0.00","0.00","0.00","0.00","0.00","0.00","0.00","0.00","0.00"
"1646","256538","1050202","000104460000024","1","7/31/2025","29678.33","0.00","0.00","0.00","0.00","12000000.00","29678.33","LN","0.00","0.00","0.00","0.00","29678.33","0.00","0.00","0.00","0.00","0.00","0.00","0.00","0.00","0.00","0.00","0.00","0.00","0.00","0.00","0.00","0.00"
"1647","260870","1050202","000104460000024","1","8/31/2025","29678.33","0.00","0.00","0.00","0.00","12000000.00","29678.33","LN","0.00","0.00","0.00","0.00","29678.33","0.00","0.00","0.00","0.00","0.00","0.00","0.00","0.00","-280072.73","-280072.73","7500000.00","0.00","0.00","2000000.00","0.00","0.00"
"1648","268464","1050202","000104460000024","1","9/30/2025","29678.33","0.00","0.00","0.00","0.00","12000000.00","29678.33","LN","0.00","0.00","0.00","0.00","29678.33","0.00","0.00","0.00","0.00","0.00","0.00","0.00","0.00","-280072.73","-280072.73","7500000.00","0.00","0.00","2000000.00","0.00","0.00"
"1649","289064","1050202","000104460000024","1","10/31/2025","29678.33","0.00","0.00","0.00","0.00","12000000.00","29678.33","LN","0.00","0.00","0.00","0.00","29678.33","0.00","0.00","0.00","0.00","0.00","0.00","0.00","0.00","-280072.73","-280072.73","7500000.00","0.00","0.00","2000000.00","0.00","0.00"
"1650","292858","1050202","000104460000024","1","11/30/2025","29678.33","0.00","0.00","0.00","0.00","12000000.00","29678.33","LN","0.00","0.00","0.00","0.00","29678.33","0.00","0.00","0.00","0.00","0.00","0.00","0.00","0.00","-280072.73","-280072.73","7500000.00","0.00","0.00","2000000.00","0.00","0.00"
"1651","325251","1050202","000104460000024","1","12/31/2025","29678.33","0.00","0.00","0.00","0.00","12000000.00","29678.33","LN","0.00","0.00","0.00","0.00","29678.33","0.00","0.00","0.00","0.00","0.00","0.00","0.00","0.00","-280072.73","-280072.73","7500000.00","0.00","0.00","2000000.00","0.00","0.00"
"1652","329049","1050202","000104460000024","1","1/31/2026","29678.33","0.00","0.00","0.00","0.00","12000000.00","29678.33","LN","0.00","0.00","0.00","0.00","29678.33","0.00","0.00","0.00","0.00","0.00","0.00","0.00","0.00","-280072.73","-280072.73","7500000.00","0.00","0.00","2000000.00","0.00","0.00"
"1653","332863","1050202","000104460000024","1","2/28/2026","29678.33","0.00","0.00","0.00","0.00","12000000.00","29678.33","LN","0.00","0.00","0.00","0.00","29678.33","0.00","0.00","0.00","0.00","0.00","0.00","0.00","0.00","-280072.73","-280072.73","7500000.00","0.00","0.00","2000000.00","0.00","0.00"
"1654","336662","1050202","000104460000024","1","3/31/2026","29678.33","0.00","0.00","0.00","0.00","12000000.00","29678.33","LN","0.00","0.00","0.00","0.00","29678.33","0.00","0.00","0.00","0.00","0.00","0.00","0.00","0.00","-280072.73","-280072.73","7500000.00","0.00","0.00","2000000.00","0.00","0.00"
"1655","340442","1050202","000104460000024","1","4/30/2026","29678.33","0.00","0.00","0.00","0.00","12000000.00","29678.33","LN","0.00","0.00","0.00","0.00","29678.33","0.00","0.00","0.00","0.00","0.00","0.00","0.00","0.00","-280072.73","-280072.73","7500000.00","0.00","0.00","2000000.00","0.00","0.00"
"1656","344222","1050202","000104460000024","1","5/31/2026","29678.33","0.00","0.00","0.00","0.00","12000000.00","29678.33","LN","0.00","0.00","0.00","0.00","29678.33","0.00","0.00","0.00","0.00","0.00","0.00","0.00","0.00","-280072.73","-280072.73","7500000.00","0.00","0.00","2000000.00","0.00","0.00"
"1657","348002","1050202","000104460000024","1","6/30/2026","29678.33","0.00","0.00","0.00","0.00","12000000.00","29678.33","LN","0.00","0.00","0.00","0.00","29678.33","0.00","0.00","0.00","0.00","0.00","0.00","0.00","0.00","-280072.73","-280072.73","7500000.00","0.00","0.00","2000000.00","0.00","0.00"
"1658","351769","1050202","000104460000024","1","7/31/2026","29678.33","0.00","0.00","0.00","0.00","12000000.00","29678.33","LN","0.00","0.00","0.00","0.00","29678.33","0.00","0.00","0.00","0.00","0.00","0.00","0.00","0.00","-280072.73","-280072.73","7500000.00","0.00","0.00","2000000.00","0.00","0.00"
"1659","355535","1050202","000104460000024","1","8/31/2026","29678.33","0.00","0.00","0.00","0.00","12000000.00","29678.33","LN","0.00","0.00","0.00","0.00","29678.33","0.00","0.00","0.00","0.00","0.00","0.00","0.00","0.00","-280072.73","-280072.73","7500000.00","0.00","0.00","2000000.00","0.00","0.00"
"1660","256539","1050202","000104460000055","1","7/31/2024","-23006846.40","1463000.00","-24469846.40","0.00","0.00","70000000.00","-23006846.40","LN","0.00","0.00","0.00","0.00","-23006846.40","1463000.00","-24469846.40","0.00","0.00","0.00","0.00","0.00","0.00","0.00","0.00","0.00","0.00","0.00","0.00","0.00","0.00"
"1661","256540","1050202","000104460000055","1","8/31/2024","-18166630.58","5000000.00","-159784.18","0.00","0.00","70000000.00","-18166630.58","LN","0.00","0.00","0.00","0.00","-18166630.58","5000000.00","-159784.18","0.00","0.00","0.00","0.00","0.00","0.00","0.00","0.00","0.00","0.00","0.00","0.00","0.00","0.00"
"1662","256541","1050202","000104460000055","1","9/30/2024","-17843348.29","469765.60","-146483.31","0.00","0.00","70000000.00","-17843348.29","LN","0.00","0.00","0.00","0.00","-17843348.29","469765.60","-146483.31","0.00","0.00","0.00","0.00","0.00","0.00","0.00","0.00","0.00","0.00","0.00","0.00","0.00","0.00"
"1663","256542","1050202","000104460000055","1","10/31/2024","-17003080.02","991000.00","-150731.73","0.00","0.00","70000000.00","-17003080.02","LN","0.00","0.00","0.00","0.00","-17003080.02","991000.00","-150731.73","0.00","0.00","0.00","0.00","0.00","0.00","0.00","0.00","0.00","0.00","0.00","0.00","0.00","0.00"
"1664","256543","1050202","000104460000055","1","11/30/2024","-16144772.16","991000.00","-132692.14","0.00","0.00","70000000.00","-16144772.16","LN","0.00","0.00","0.00","0.00","-16144772.16","991000.00","-132692.14","0.00","0.00","0.00","0.00","0.00","0.00","0.00","0.00","0.00","0.00","0.00","0.00","0.00","0.00"
"1665","256544","1050202","000104460000055","1","12/31/2024","-15577864.70","700000.00","-133092.54","0.00","0.00","70000000.00","-15577864.70","LN","0.00","0.00","0.00","0.00","-15577864.70","700000.00","-133092.54","0.00","0.00","0.00","0.00","0.00","0.00","0.00","0.00","0.00","0.00","0.00","0.00","0.00","0.00"
"1666","256545","1050202","000104460000055","1","1/31/2025","-14411232.29","1300000.00","-133367.59","0.00","0.00","70000000.00","-14411232.29","LN","0.00","0.00","0.00","0.00","-14411232.29","1300000.00","-133367.59","0.00","0.00","0.00","0.00","0.00","0.00","0.00","0.00","0.00","0.00","0.00","0.00","0.00","0.00"
"1667","256546","1050202","000104460000055","1","2/28/2025","-13527797.63","991000.00","-107565.34","0.00","0.00","70000000.00","-13527797.63","LN","0.00","0.00","0.00","0.00","-13527797.63","991000.00","-107565.34","0.00","0.00","0.00","0.00","0.00","0.00","0.00","0.00","0.00","0.00","0.00","0.00","0.00","0.00"
"1668","256547","1050202","000104460000055","1","3/31/2025","-12652411.02","991000.00","-115613.39","0.00","0.00","70000000.00","-12652411.02","LN","0.00","0.00","0.00","0.00","-12652411.02","991000.00","-115613.39","0.00","0.00","0.00","0.00","0.00","0.00","0.00","0.00","0.00","0.00","0.00","0.00","0.00","0.00"
"1669","256548","1050202","000104460000055","1","4/30/2025","-11763231.32","991000.00","-101820.30","0.00","0.00","70000000.00","-11763231.32","LN","0.00","0.00","0.00","0.00","-11763231.32","991000.00","-101820.30","0.00","0.00","0.00","0.00","0.00","0.00","0.00","0.00","0.00","0.00","0.00","0.00","0.00","0.00"
"1670","256549","1050202","000104460000055","1","5/31/2025","-10865959.62","990395.00","-93123.30","0.00","0.00","70000000.00","-10865959.62","LN","0.00","0.00","0.00","0.00","-10865959.62","990395.00","-93123.30","0.00","0.00","0.00","0.00","0.00","0.00","0.00","0.00","0.00","0.00","0.00","0.00","0.00","0.00"
"1671","256550","1050202","000104460000055","1","6/30/2025","-8972403.38","1980695.00","-87138.76","0.00","0.00","70000000.00","-8972403.38","LN","0.00","0.00","0.00","0.00","-8972403.38","1980695.00","-87138.76","0.00","0.00","0.00","0.00","0.00","0.00","0.00","0.00","0.00","0.00","0.00","0.00","0.00","0.00"
"1672","256551","1050202","000104460000055","1","7/31/2025","-9048607.27","0.00","-76203.89","0.00","0.00","70000000.00","-9048607.27","LN","0.00","0.00","0.00","0.00","-9048607.27","0.00","-76203.89","0.00","0.00","0.00","0.00","0.00","0.00","0.00","0.00","0.00","0.00","0.00","0.00","0.00","0.00"
"1673","260871","1050202","000104460000055","1","8/31/2025","-8134489.14","990300.00","-76181.87","0.00","0.00","70000000.00","-8134489.14","LN","0.00","0.00","0.00","0.00","-8134489.14","990300.00","-76181.87","0.00","0.00","0.00","0.00","0.00","0.00","-1591145.88","-1591145.88","16858855.60","0.00","0.00","0.00","0.00","0.00"
"1674","268465","1050202","000104460000055","1","9/30/2025","-7205079.00","990300.00","-60889.86","0.00","0.00","70000000.00","-7205079.00","LN","0.00","0.00","0.00","0.00","-7205079.00","990300.00","-60889.86","0.00","0.00","0.00","0.00","0.00","0.00","-1591145.88","-1591145.88","16858855.60","0.00","0.00","0.00","0.00","0.00"
"1675","289065","1050202","000104460000055","1","10/31/2025","-6269189.94","990300.00","-54410.94","0.00","0.00","70000000.00","-6269189.94","LN","0.00","0.00","0.00","0.00","-6269189.94","990300.00","-54410.94","0.00","0.00","0.00","0.00","0.00","0.00","-1591145.88","-1591145.88","16858855.60","0.00","0.00","0.00","0.00","0.00"
"1676","292859","1050202","000104460000055","1","11/30/2025","-5324991.24","990300.00","-46101.30","0.00","0.00","70000000.00","-5324991.24","LN","0.00","0.00","0.00","0.00","-5324991.24","990300.00","-46101.30","0.00","0.00","0.00","0.00","0.00","0.00","-1591145.88","-1591145.88","16858855.60","0.00","0.00","0.00","0.00","0.00"
"1677","325252","1050202","000104460000055","1","12/31/2025","-4374490.94","990300.00","-39799.70","0.00","0.00","70000000.00","-4374490.94","LN","0.00","0.00","0.00","0.00","-4374490.94","990300.00","-39799.70","0.00","0.00","0.00","0.00","0.00","0.00","-1591145.88","-1591145.88","16858855.60","0.00","0.00","0.00","0.00","0.00"
"1678","329050","1050202","000104460000055","1","1/31/2026","-4411644.13","0.00","-37153.19","0.00","0.00","70000000.00","-4411644.13","LN","0.00","0.00","0.00","0.00","-4411644.13","0.00","-37153.19","0.00","0.00","0.00","0.00","0.00","0.00","-1591145.88","-1591145.88","16858855.60","0.00","0.00","0.00","0.00","0.00"
"1679","332864","1050202","000104460000055","1","2/28/2026","-4445486.89","0.00","-33842.76","0.00","0.00","70000000.00","-4445486.89","LN","0.00","0.00","0.00","0.00","-4445486.89","0.00","-33842.76","0.00","0.00","0.00","0.00","0.00","0.00","-1591145.88","-1591145.88","16858855.60","0.00","0.00","0.00","0.00","0.00"
"1680","336663","1050202","000104460000055","1","3/31/2026","-4483243.03","0.00","-37756.14","0.00","0.00","70000000.00","-4483243.03","LN","0.00","0.00","0.00","0.00","-4483243.03","0.00","-37756.14","0.00","0.00","0.00","0.00","0.00","0.00","-1591145.88","-1591145.88","16858855.60","0.00","0.00","0.00","0.00","0.00"
"1681","340443","1050202","000104460000055","1","4/30/2026","-4520091.73","0.00","-36848.70","0.00","0.00","70000000.00","-4520091.73","LN","0.00","0.00","0.00","0.00","-4520091.73","0.00","-36848.70","0.00","0.00","0.00","0.00","0.00","0.00","-1591145.88","-1591145.88","16858855.60","0.00","0.00","0.00","0.00","0.00"
"1682","344223","1050202","000104460000055","1","5/31/2026","-4558481.51","0.00","-38389.78","0.00","0.00","70000000.00","-4558481.51","LN","0.00","0.00","0.00","0.00","-4558481.51","0.00","-38389.78","0.00","0.00","0.00","0.00","0.00","0.00","-1591145.88","-1591145.88","16858855.60","0.00","0.00","0.00","0.00","0.00"
"1683","348003","1050202","000104460000055","1","6/30/2026","-4595948.51","0.00","-37467.00","0.00","0.00","70000000.00","-4595948.51","LN","0.00","0.00","0.00","0.00","-4595948.51","0.00","-37467.00","0.00","0.00","0.00","0.00","0.00","0.00","-1591145.88","-1591145.88","16858855.60","0.00","0.00","0.00","0.00","0.00"
"1684","351770","1050202","000104460000055","1","7/31/2026","-3632242.77","1000000.00","-36294.26","0.00","0.00","70000000.00","-3632242.77","LN","0.00","0.00","0.00","0.00","-3632242.77","1000000.00","-36294.26","0.00","0.00","0.00","0.00","0.00","0.00","-1591145.88","-1591145.88","16858855.60","0.00","0.00","0.00","0.00","0.00"
"1685","355536","1050202","000104460000055","1","8/31/2026","-3663092.11","0.00","-30849.34","0.00","0.00","70000000.00","-3663092.11","LN","0.00","0.00","0.00","0.00","-3663092.11","0.00","-30849.34","0.00","0.00","0.00","0.00","0.00","0.00","-1591145.88","-1591145.88","16858855.60","0.00","0.00","0.00","0.00","0.00"
"1686","256552","1050202","000104460000059","1","7/31/2024","-139977598.41","33720730.35","-173698328.76","0.00","0.00","153974500.00","-139977598.41","LN","0.00","0.00","0.00","0.00","-139977598.41","33720730.35","-173698328.76","0.00","0.00","0.00","0.00","0.00","0.00","0.00","0.00","0.00","0.00","0.00","0.00","0.00","0.00"
"1687","256553","1050202","000104460000059","1","8/31/2024","-36409498.22","104702653.17","-1134552.98","0.00","0.00","153974500.00","-36409498.22","LN","0.00","0.00","0.00","0.00","-36409498.22","104702653.17","-1134552.98","0.00","0.00","0.00","0.00","0.00","0.00","0.00","0.00","0.00","0.00","0.00","0.00","0.00","0.00"
"1688","256554","1050202","000104460000059","1","9/30/2024","-36708754.37","0.00","-299256.15","0.00","0.00","153974500.00","-36708754.37","LN","0.00","0.00","0.00","0.00","-36708754.37","0.00","-299256.15","0.00","0.00","0.00","0.00","0.00","0.00","0.00","0.00","0.00","0.00","0.00","0.00","0.00","0.00"
"1689","256555","1050202","000104460000059","1","10/31/2024","-37020527.35","0.00","-311772.98","0.00","0.00","153974500.00","-37020527.35","LN","0.00","0.00","0.00","0.00","-37020527.35","0.00","-311772.98","0.00","0.00","0.00","0.00","0.00","0.00","0.00","0.00","0.00","0.00","0.00","0.00","0.00","0.00"
"1690","256556","1050202","000104460000059","1","11/30/2024","-37324805.65","0.00","-304278.30","0.00","0.00","153974500.00","-37324805.65","LN","0.00","0.00","0.00","0.00","-37324805.65","0.00","-304278.30","0.00","0.00","0.00","0.00","0.00","0.00","0.00","0.00","0.00","0.00","0.00","0.00","0.00","0.00"
"1691","256557","1050202","000104460000059","1","12/31/2024","-37641810.72","0.00","-317005.07","0.00","0.00","153974500.00","-37641810.72","LN","0.00","0.00","0.00","0.00","-37641810.72","0.00","-317005.07","0.00","0.00","0.00","0.00","0.00","0.00","0.00","0.00","0.00","0.00","0.00","0.00","0.00","0.00"
"1692","256558","1050202","000104460000059","1","1/31/2025","-37971820.96","0.00","-330010.24","0.00","0.00","153974500.00","-37971820.96","LN","0.00","0.00","0.00","0.00","-37971820.96","0.00","-330010.24","0.00","0.00","0.00","0.00","0.00","0.00","0.00","0.00","0.00","0.00","0.00","0.00","0.00","0.00"
"1693","256559","1050202","000104460000059","1","2/28/2025","-38263111.68","0.00","-291290.72","0.00","0.00","153974500.00","-38263111.68","LN","0.00","0.00","0.00","0.00","-38263111.68","0.00","-291290.72","0.00","0.00","0.00","0.00","0.00","0.00","0.00","0.00","0.00","0.00","0.00","0.00","0.00","0.00"
"1694","256560","1050202","000104460000059","1","3/31/2025","-38598568.96","0.00","-335457.28","0.00","0.00","153974500.00","-38598568.96","LN","0.00","0.00","0.00","0.00","-38598568.96","0.00","-335457.28","0.00","0.00","0.00","0.00","0.00","0.00","0.00","0.00","0.00","0.00","0.00","0.00","0.00","0.00"
"1695","256561","1050202","000104460000059","1","4/30/2025","-38915817.46","0.00","-317248.50","0.00","0.00","153974500.00","-38915817.46","LN","0.00","0.00","0.00","0.00","-38915817.46","0.00","-317248.50","0.00","0.00","0.00","0.00","0.00","0.00","0.00","0.00","0.00","0.00","0.00","0.00","0.00","0.00"
"1696","256562","1050202","000104460000059","1","5/31/2025","-39246335.43","0.00","-330517.97","0.00","0.00","153974500.00","-39246335.43","LN","0.00","0.00","0.00","0.00","-39246335.43","0.00","-330517.97","0.00","0.00","0.00","0.00","0.00","0.00","0.00","0.00","0.00","0.00","0.00","0.00","0.00","0.00"
"1697","256563","1050202","000104460000059","1","6/30/2025","-39568908.03","0.00","-322572.60","0.00","0.00","153974500.00","-39568908.03","LN","0.00","0.00","0.00","0.00","-39568908.03","0.00","-322572.60","0.00","0.00","0.00","0.00","0.00","0.00","0.00","0.00","0.00","0.00","0.00","0.00","0.00","0.00"
"1698","256564","1050202","000104460000059","1","7/31/2025","-39904972.83","0.00","-336064.80","0.00","0.00","153974500.00","-39904972.83","LN","0.00","0.00","0.00","0.00","-39904972.83","0.00","-336064.80","0.00","0.00","0.00","0.00","0.00","0.00","0.00","0.00","0.00","0.00","0.00","0.00","0.00","0.00"
"1699","260872","1050202","000104460000059","1","8/31/2025","-40243524.16","0.00","-338551.33","0.00","0.00","153974500.00","-40243524.16","LN","0.00","0.00","0.00","0.00","-40243524.16","0.00","-338551.33","0.00","0.00","0.00","0.00","0.00","0.00","-8394107.16","-8394107.16","138423383.52","0.00","0.00","0.00","0.00","0.00"
"1700","268466","1050202","000104460000059","1","9/30/2025","-40574292.76","0.00","-330768.60","0.00","0.00","153974500.00","-40574292.76","LN","0.00","0.00","0.00","0.00","-40574292.76","0.00","-330768.60","0.00","0.00","0.00","0.00","0.00","0.00","-8394107.16","-8394107.16","138423383.52","0.00","0.00","0.00","0.00","0.00"
"1701","289066","1050202","000104460000059","1","10/31/2025","-30916156.48","10000000.00","-341863.72","0.00","0.00","153974500.00","-30916156.48","LN","0.00","0.00","0.00","0.00","-30916156.48","10000000.00","-341863.72","0.00","0.00","0.00","0.00","0.00","0.00","-8394107.16","-8394107.16","138423383.52","0.00","0.00","0.00","0.00","0.00"
"1702","292860","1050202","000104460000059","1","11/30/2025","-31170261.88","0.00","-254105.40","0.00","0.00","153974500.00","-31170261.88","LN","0.00","0.00","0.00","0.00","-31170261.88","0.00","-254105.40","0.00","0.00","0.00","0.00","0.00","0.00","-8394107.16","-8394107.16","138423383.52","0.00","0.00","0.00","0.00","0.00"
"1703","325253","1050202","000104460000059","1","12/31/2025","-31434995.68","0.00","-264733.80","0.00","0.00","153974500.00","-31434995.68","LN","0.00","0.00","0.00","0.00","-31434995.68","0.00","-264733.80","0.00","0.00","0.00","0.00","0.00","0.00","-8394107.16","-8394107.16","138423383.52","0.00","0.00","0.00","0.00","0.00"
"1704","329051","1050202","000104460000059","1","1/31/2026","-31701977.91","0.00","-266982.23","0.00","0.00","153974500.00","-31701977.91","LN","0.00","0.00","0.00","0.00","-31701977.91","0.00","-266982.23","0.00","0.00","0.00","0.00","0.00","0.00","-8394107.16","-8394107.16","138423383.52","0.00","0.00","0.00","0.00","0.00"
"1705","332865","1050202","000104460000059","1","2/28/2026","-31945171.07","0.00","-243193.16","0.00","0.00","153974500.00","-31945171.07","LN","0.00","0.00","0.00","0.00","-31945171.07","0.00","-243193.16","0.00","0.00","0.00","0.00","0.00","0.00","-8394107.16","-8394107.16","138423383.52","0.00","0.00","0.00","0.00","0.00"
"1706","336664","1050202","000104460000059","1","3/31/2026","-32216486.17","0.00","-271315.10","0.00","0.00","153974500.00","-32216486.17","LN","0.00","0.00","0.00","0.00","-32216486.17","0.00","-271315.10","0.00","0.00","0.00","0.00","0.00","0.00","-8394107.16","-8394107.16","138423383.52","0.00","0.00","0.00","0.00","0.00"
"1707","340444","1050202","000104460000059","1","4/30/2026","-32481279.07","0.00","-264792.90","0.00","0.00","153974500.00","-32481279.07","LN","0.00","0.00","0.00","0.00","-32481279.07","0.00","-264792.90","0.00","0.00","0.00","0.00","0.00","0.00","-8394107.16","-8394107.16","138423383.52","0.00","0.00","0.00","0.00","0.00"
"1708","344224","1050202","000104460000059","1","5/31/2026","-32757147.45","0.00","-275868.38","0.00","0.00","153974500.00","-32757147.45","LN","0.00","0.00","0.00","0.00","-32757147.45","0.00","-275868.38","0.00","0.00","0.00","0.00","0.00","0.00","-8394107.16","-8394107.16","138423383.52","0.00","0.00","0.00","0.00","0.00"
"1709","348004","1050202","000104460000059","1","6/30/2026","-33026384.25","0.00","-269236.80","0.00","0.00","153974500.00","-33026384.25","LN","0.00","0.00","0.00","0.00","-33026384.25","0.00","-269236.80","0.00","0.00","0.00","0.00","0.00","0.00","-8394107.16","-8394107.16","138423383.52","0.00","0.00","0.00","0.00","0.00"
"1710","351771","1050202","000104460000059","1","7/31/2026","-33306882.17","0.00","-280497.92","0.00","0.00","153974500.00","-33306882.17","LN","0.00","0.00","0.00","0.00","-33306882.17","0.00","-280497.92","0.00","0.00","0.00","0.00","0.00","0.00","-8394107.16","-8394107.16","138423383.52","0.00","0.00","0.00","0.00","0.00"
"1711","355537","1050202","000104460000059","1","8/31/2026","-33589762.44","0.00","-282880.27","0.00","0.00","153974500.00","-33589762.44","LN","0.00","0.00","0.00","0.00","-33589762.44","0.00","-282880.27","0.00","0.00","0.00","0.00","0.00","0.00","-8394107.16","-8394107.16","138423383.52","0.00","0.00","0.00","0.00","0.00"
"1712","256565","1050202","000104460000061","1","7/31/2024","-14334306.50","12300000.00","-26634306.50","0.00","0.00","24000000.00","-14334306.50","LN","0.00","0.00","0.00","0.00","-14334306.50","12300000.00","-26634306.50","0.00","0.00","0.00","0.00","0.00","0.00","0.00","0.00","0.00","0.00","0.00","0.00","0.00","0.00"
"1713","256566","1050202","000104460000061","1","8/31/2024","-8748032.01","5706454.51","-120180.02","0.00","0.00","24000000.00","-8748032.01","LN","0.00","0.00","0.00","0.00","-8748032.01","5706454.51","-120180.02","0.00","0.00","0.00","0.00","0.00","0.00","0.00","0.00","0.00","0.00","0.00","0.00","0.00","0.00"
"1714","256567","1050202","000104460000061","1","9/30/2024","-8819933.64","0.00","-71901.63","0.00","0.00","24000000.00","-8819933.64","LN","0.00","0.00","0.00","0.00","-8819933.64","0.00","-71901.63","0.00","0.00","0.00","0.00","0.00","0.00","0.00","0.00","0.00","0.00","0.00","0.00","0.00","0.00"
"1715","256568","1050202","000104460000061","1","10/31/2024","-7602201.02","1287000.00","-69267.38","0.00","0.00","24000000.00","-7602201.02","LN","0.00","0.00","0.00","0.00","-7602201.02","1287000.00","-69267.38","0.00","0.00","0.00","0.00","0.00","0.00","0.00","0.00","0.00","0.00","0.00","0.00","0.00","0.00"
"1716","256569","1050202","000104460000061","1","11/30/2024","-6209356.00","1450000.00","-57154.98","0.00","0.00","24000000.00","-6209356.00","LN","0.00","0.00","0.00","0.00","-6209356.00","1450000.00","-57154.98","0.00","0.00","0.00","0.00","0.00","0.00","0.00","0.00","0.00","0.00","0.00","0.00","0.00","0.00"
"1717","256570","1050202","000104460000061","1","12/31/2024","-4966001.25","1293545.49","-50190.74","0.00","0.00","24000000.00","-4966001.25","LN","0.00","0.00","0.00","0.00","-4966001.25","1293545.49","-50190.74","0.00","0.00","0.00","0.00","0.00","0.00","0.00","0.00","0.00","0.00","0.00","0.00","0.00","0.00"
"1718","256571","1050202","000104460000061","1","1/31/2025","-3008990.90","2000000.00","-42989.65","0.00","0.00","24000000.00","-3008990.90","LN","0.00","0.00","0.00","0.00","-3008990.90","2000000.00","-42989.65","0.00","0.00","0.00","0.00","0.00","0.00","0.00","0.00","0.00","0.00","0.00","0.00","0.00","0.00"
"1719","256572","1050202","000104460000061","1","2/28/2025","-3032073.54","0.00","-23082.64","0.00","0.00","24000000.00","-3032073.54","LN","0.00","0.00","0.00","0.00","-3032073.54","0.00","-23082.64","0.00","0.00","0.00","0.00","0.00","0.00","0.00","0.00","0.00","0.00","0.00","0.00","0.00","0.00"
"1720","256573","1050202","000104460000061","1","3/31/2025","-3058656.26","0.00","-26582.72","0.00","0.00","24000000.00","-3058656.26","LN","0.00","0.00","0.00","0.00","-3058656.26","0.00","-26582.72","0.00","0.00","0.00","0.00","0.00","0.00","0.00","0.00","0.00","0.00","0.00","0.00","0.00","0.00"
"1721","256574","1050202","000104460000061","1","4/30/2025","-3083795.96","0.00","-25139.70","0.00","0.00","24000000.00","-3083795.96","LN","0.00","0.00","0.00","0.00","-3083795.96","0.00","-25139.70","0.00","0.00","0.00","0.00","0.00","0.00","0.00","0.00","0.00","0.00","0.00","0.00","0.00","0.00"
"1722","256575","1050202","000104460000061","1","5/31/2025","-1006535.14","2100000.00","-22739.18","0.00","0.00","24000000.00","-1006535.14","LN","0.00","0.00","0.00","0.00","-1006535.14","2100000.00","-22739.18","0.00","0.00","0.00","0.00","0.00","0.00","0.00","0.00","0.00","0.00","0.00","0.00","0.00","0.00"
"1723","256576","1050202","000104460000061","1","6/30/2025","-1014807.94","0.00","-8272.80","0.00","0.00","24000000.00","-1014807.94","LN","0.00","0.00","0.00","0.00","-1014807.94","0.00","-8272.80","0.00","0.00","0.00","0.00","0.00","0.00","0.00","0.00","0.00","0.00","0.00","0.00","0.00","0.00"
"1724","256577","1050202","000104460000061","1","7/31/2025","-1023426.87","0.00","-8618.93","0.00","0.00","24000000.00","-1023426.87","LN","0.00","0.00","0.00","0.00","-1023426.87","0.00","-8618.93","0.00","0.00","0.00","0.00","0.00","0.00","0.00","0.00","0.00","0.00","0.00","0.00","0.00","0.00"
"1725","260873","1050202","000104460000061","1","8/31/2025","-1032089.84","0.00","-8662.97","0.00","0.00","24000000.00","-1032089.84","LN","0.00","0.00","0.00","0.00","-1032089.84","0.00","-8662.97","0.00","0.00","0.00","0.00","0.00","0.00","-873505.60","-873505.60","26137000.00","0.00","0.00","0.00","0.00","0.00"
"1726","268467","1050202","000104460000061","1","9/30/2025","-1040572.64","0.00","-8482.80","0.00","0.00","24000000.00","-1040572.64","LN","0.00","0.00","0.00","0.00","-1040572.64","0.00","-8482.80","0.00","0.00","0.00","0.00","0.00","0.00","-873505.60","-873505.60","26137000.00","0.00","0.00","0.00","0.00","0.00"
"1727","289067","1050202","000104460000061","1","10/31/2025","-1049410.43","0.00","-8837.79","0.00","0.00","24000000.00","-1049410.43","LN","0.00","0.00","0.00","0.00","-1049410.43","0.00","-8837.79","0.00","0.00","0.00","0.00","0.00","0.00","-873505.60","-873505.60","26137000.00","0.00","0.00","0.00","0.00","0.00"
"1728","292861","1050202","000104460000061","1","11/30/2025","-1058035.73","0.00","-8625.30","0.00","0.00","24000000.00","-1058035.73","LN","0.00","0.00","0.00","0.00","-1058035.73","0.00","-8625.30","0.00","0.00","0.00","0.00","0.00","0.00","-873505.60","-873505.60","26137000.00","0.00","0.00","0.00","0.00","0.00"
"1729","325254","1050202","000104460000061","1","12/31/2025","-1067021.70","0.00","-8985.97","0.00","0.00","24000000.00","-1067021.70","LN","0.00","0.00","0.00","0.00","-1067021.70","0.00","-8985.97","0.00","0.00","0.00","0.00","0.00","0.00","-873505.60","-873505.60","26137000.00","0.00","0.00","0.00","0.00","0.00"
"1730","329052","1050202","000104460000061","1","1/31/2026","-1076083.93","0.00","-9062.23","0.00","0.00","24000000.00","-1076083.93","LN","0.00","0.00","0.00","0.00","-1076083.93","0.00","-9062.23","0.00","0.00","0.00","0.00","0.00","0.00","-873505.60","-873505.60","26137000.00","0.00","0.00","0.00","0.00","0.00"
"1731","332866","1050202","000104460000061","1","2/28/2026","-1084338.89","0.00","-8254.96","0.00","0.00","24000000.00","-1084338.89","LN","0.00","0.00","0.00","0.00","-1084338.89","0.00","-8254.96","0.00","0.00","0.00","0.00","0.00","0.00","-873505.60","-873505.60","26137000.00","0.00","0.00","0.00","0.00","0.00"
"1732","336665","1050202","000104460000061","1","3/31/2026","-1093548.37","0.00","-9209.48","0.00","0.00","24000000.00","-1093548.37","LN","0.00","0.00","0.00","0.00","-1093548.37","0.00","-9209.48","0.00","0.00","0.00","0.00","0.00","0.00","-873505.60","-873505.60","26137000.00","0.00","0.00","0.00","0.00","0.00"
"1733","340445","1050202","000104460000061","1","4/30/2026","-1102536.37","0.00","-8988.00","0.00","0.00","24000000.00","-1102536.37","LN","0.00","0.00","0.00","0.00","-1102536.37","0.00","-8988.00","0.00","0.00","0.00","0.00","0.00","0.00","-873505.60","-873505.60","26137000.00","0.00","0.00","0.00","0.00","0.00"
"1734","344225","1050202","000104460000061","1","5/31/2026","-238979.38","872681.76","-9124.77","0.00","0.00","24000000.00","-238979.38","LN","0.00","0.00","0.00","0.00","-238979.38","872681.76","-9124.77","0.00","0.00","0.00","0.00","0.00","0.00","-873505.60","-873505.60","26137000.00","0.00","0.00","0.00","0.00","0.00"
"1735","348005","1050202","000104460000061","1","6/30/2026","861723.83","1102536.37","-1833.16","0.00","0.00","24000000.00","861723.83","LN","0.00","0.00","0.00","0.00","861723.83","1102536.37","-1833.16","0.00","0.00","0.00","0.00","0.00","0.00","-873505.60","-873505.60","26137000.00","0.00","0.00","0.00","0.00","0.00"
"1736","351772","1050202","000104460000061","1","7/31/2026","861723.83","0.00","0.00","0.00","0.00","24000000.00","861723.83","LN","0.00","0.00","0.00","0.00","861723.83","0.00","0.00","0.00","0.00","0.00","0.00","0.00","0.00","-873505.60","-873505.60","26137000.00","0.00","0.00","0.00","0.00","0.00"
"1737","355538","1050202","000104460000061","1","8/31/2026","861723.83","0.00","0.00","0.00","0.00","24000000.00","861723.83","LN","0.00","0.00","0.00","0.00","861723.83","0.00","0.00","0.00","0.00","0.00","0.00","0.00","0.00","-873505.60","-873505.60","26137000.00","0.00","0.00","0.00","0.00","0.00"
"1738","256578","1050202","000104460000064","1","7/31/2024","-19618249.52","13452250.00","-33070499.52","0.00","0.00","30000000.00","-19618249.52","LN","0.00","0.00","0.00","0.00","-19618249.52","13452250.00","-33070499.52","0.00","0.00","0.00","0.00","0.00","0.00","0.00","0.00","0.00","0.00","0.00","0.00","0.00","0.00"
"1739","256579","1050202","000104460000064","1","8/31/2024","-19784870.27","0.00","-166620.75","0.00","0.00","30000000.00","-19784870.27","LN","0.00","0.00","0.00","0.00","-19784870.27","0.00","-166620.75","0.00","0.00","0.00","0.00","0.00","0.00","0.00","0.00","0.00","0.00","0.00","0.00","0.00","0.00"
"1740","256580","1050202","000104460000064","1","9/30/2024","-17935978.79","2000000.00","-151108.52","0.00","0.00","30000000.00","-17935978.79","LN","0.00","0.00","0.00","0.00","-17935978.79","2000000.00","-151108.52","0.00","0.00","0.00","0.00","0.00","0.00","0.00","0.00","0.00","0.00","0.00","0.00","0.00","0.00"
"1741","256581","1050202","000104460000064","1","10/31/2024","-14070777.51","4000000.00","-134798.72","0.00","0.00","30000000.00","-14070777.51","LN","0.00","0.00","0.00","0.00","-14070777.51","4000000.00","-134798.72","0.00","0.00","0.00","0.00","0.00","0.00","0.00","0.00","0.00","0.00","0.00","0.00","0.00","0.00"
"1742","256582","1050202","000104460000064","1","11/30/2024","-10185331.92","4000000.00","-114554.41","0.00","0.00","30000000.00","-10185331.92","LN","0.00","0.00","0.00","0.00","-10185331.92","4000000.00","-114554.41","0.00","0.00","0.00","0.00","0.00","0.00","0.00","0.00","0.00","0.00","0.00","0.00","0.00","0.00"
"1743","256583","1050202","000104460000064","1","12/31/2024","-6451508.81","3800000.00","-66176.89","0.00","0.00","30000000.00","-6451508.81","LN","0.00","0.00","0.00","0.00","-6451508.81","3800000.00","-66176.89","0.00","0.00","0.00","0.00","0.00","0.00","0.00","0.00","0.00","0.00","0.00","0.00","0.00","0.00"
"1744","256584","1050202","000104460000064","1","1/31/2025","-4703631.74","1800000.00","-52122.93","0.00","0.00","30000000.00","-4703631.74","LN","0.00","0.00","0.00","0.00","-4703631.74","1800000.00","-52122.93","0.00","0.00","0.00","0.00","0.00","0.00","0.00","0.00","0.00","0.00","0.00","0.00","0.00","0.00"
"1745","256585","1050202","000104460000064","1","2/28/2025","-1527513.35","6405099.28","-3228980.89","0.00","0.00","30000000.00","-1527513.35","LN","0.00","0.00","0.00","0.00","-1527513.35","6405099.28","-3228980.89","0.00","0.00","0.00","0.00","0.00","0.00","0.00","0.00","0.00","0.00","0.00","0.00","0.00","0.00"
"1746","256586","1050202","000104460000064","1","3/31/2025","63698.15","1600000.00","-8788.50","0.00","0.00","30000000.00","63698.15","LN","0.00","0.00","0.00","0.00","63698.15","1600000.00","-8788.50","0.00","0.00","0.00","0.00","0.00","0.00","0.00","0.00","0.00","0.00","0.00","0.00","0.00","0.00"
"1747","256587","1050202","000104460000064","1","4/30/2025","-68870.35","2940000.00","-3072568.50","0.00","0.00","30000000.00","-68870.35","LN","0.00","0.00","0.00","0.00","-68870.35","2940000.00","-3072568.50","0.00","0.00","0.00","0.00","0.00","0.00","0.00","0.00","0.00","0.00","0.00","0.00","0.00","0.00"
"1748","256588","1050202","000104460000064","1","5/31/2025","-69455.32","0.00","-584.97","0.00","0.00","30000000.00","-69455.32","LN","0.00","0.00","0.00","0.00","-69455.32","0.00","-584.97","0.00","0.00","0.00","0.00","0.00","0.00","0.00","0.00","0.00","0.00","0.00","0.00","0.00","0.00"
"1749","256589","1050202","000104460000064","1","6/30/2025","-70026.22","0.00","-570.90","0.00","0.00","30000000.00","-70026.22","LN","0.00","0.00","0.00","0.00","-70026.22","0.00","-570.90","0.00","0.00","0.00","0.00","0.00","0.00","0.00","0.00","0.00","0.00","0.00","0.00","0.00","0.00"
"1750","256590","1050202","000104460000064","1","7/31/2025","-70621.11","0.00","-594.89","0.00","0.00","30000000.00","-70621.11","LN","0.00","0.00","0.00","0.00","-70621.11","0.00","-594.89","0.00","0.00","0.00","0.00","0.00","0.00","0.00","0.00","0.00","0.00","0.00","0.00","0.00","0.00"
"1751","260874","1050202","000104460000064","1","8/31/2025","-71211.32","0.00","-590.21","0.00","0.00","30000000.00","-71211.32","LN","0.00","0.00","0.00","0.00","-71211.32","0.00","-590.21","0.00","0.00","0.00","0.00","0.00","0.00","-1306932.25","-1306932.25","33722250.00","0.00","0.00","0.00","0.00","0.00"
"1752","268468","1050202","000104460000064","1","9/30/2025","-71796.62","0.00","-585.30","0.00","0.00","30000000.00","-71796.62","LN","0.00","0.00","0.00","0.00","-71796.62","0.00","-585.30","0.00","0.00","0.00","0.00","0.00","0.00","-1306932.25","-1306932.25","33722250.00","0.00","0.00","0.00","0.00","0.00"
"1753","289068","1050202","000104460000064","1","10/31/2025","-72406.39","0.00","-609.77","0.00","0.00","30000000.00","-72406.39","LN","0.00","0.00","0.00","0.00","-72406.39","0.00","-609.77","0.00","0.00","0.00","0.00","0.00","0.00","-1306932.25","-1306932.25","33722250.00","0.00","0.00","0.00","0.00","0.00"
"1754","292862","1050202","000104460000064","1","11/30/2025","-73001.59","0.00","-595.20","0.00","0.00","30000000.00","-73001.59","LN","0.00","0.00","0.00","0.00","-73001.59","0.00","-595.20","0.00","0.00","0.00","0.00","0.00","0.00","-1306932.25","-1306932.25","33722250.00","0.00","0.00","0.00","0.00","0.00"
"1755","325255","1050202","000104460000064","1","12/31/2025","-73001.59","0.00","0.00","0.00","0.00","30000000.00","-73001.59","LN","0.00","0.00","0.00","0.00","-73001.59","0.00","0.00","0.00","0.00","0.00","0.00","0.00","0.00","-1306932.25","-1306932.25","33722250.00","0.00","0.00","0.00","0.00","0.00"
"1756","329053","1050202","000104460000064","1","1/31/2026","-73001.59","0.00","0.00","0.00","0.00","30000000.00","-73001.59","LN","0.00","0.00","0.00","0.00","-73001.59","0.00","0.00","0.00","0.00","0.00","0.00","0.00","0.00","-1306932.25","-1306932.25","33722250.00","0.00","0.00","0.00","0.00","0.00"
"1757","332867","1050202","000104460000064","1","2/28/2026","-73001.59","0.00","0.00","0.00","0.00","30000000.00","-73001.59","LN","0.00","0.00","0.00","0.00","-73001.59","0.00","0.00","0.00","0.00","0.00","0.00","0.00","0.00","-1306932.25","-1306932.25","33722250.00","0.00","0.00","0.00","0.00","0.00"
"1758","336666","1050202","000104460000064","1","3/31/2026","-73001.59","0.00","0.00","0.00","0.00","30000000.00","-73001.59","LN","0.00","0.00","0.00","0.00","-73001.59","0.00","0.00","0.00","0.00","0.00","0.00","0.00","0.00","-1306932.25","-1306932.25","33722250.00","0.00","0.00","0.00","0.00","0.00"
"1759","340446","1050202","000104460000064","1","4/30/2026","-73001.59","0.00","0.00","0.00","0.00","30000000.00","-73001.59","LN","0.00","0.00","0.00","0.00","-73001.59","0.00","0.00","0.00","0.00","0.00","0.00","0.00","0.00","-1306932.25","-1306932.25","33722250.00","0.00","0.00","0.00","0.00","0.00"
"1760","344226","1050202","000104460000064","1","5/31/2026","-73001.59","0.00","0.00","0.00","0.00","30000000.00","-73001.59","LN","0.00","0.00","0.00","0.00","-73001.59","0.00","0.00","0.00","0.00","0.00","0.00","0.00","0.00","-1306932.25","-1306932.25","33722250.00","0.00","0.00","0.00","0.00","0.00"
"1761","348006","1050202","000104460000064","1","6/30/2026","0.00","73001.59","0.00","0.00","0.00","30000000.00","0.00","LN","0.00","0.00","0.00","0.00","0.00","73001.59","0.00","0.00","0.00","0.00","0.00","0.00","0.00","-1306932.25","-1306932.25","33722250.00","0.00","0.00","0.00","0.00","0.00"
"1762","256591","1050202","000104460000065","1","7/31/2024","-44067592.92","11949440.00","-56017032.92","0.00","0.00","50000000.00","-44067592.92","LN","0.00","0.00","0.00","0.00","-44067592.92","11949440.00","-56017032.92","0.00","0.00","0.00","0.00","0.00","0.00","0.00","0.00","0.00","0.00","0.00","0.00","0.00","0.00"
"1763","256592","1050202","000104460000065","1","8/31/2024","-42946456.03","1495000.00","-373863.11","0.00","0.00","50000000.00","-42946456.03","LN","0.00","0.00","0.00","0.00","-42946456.03","1495000.00","-373863.11","0.00","0.00","0.00","0.00","0.00","0.00","0.00","0.00","0.00","0.00","0.00","0.00","0.00","0.00"
"1764","256593","1050202","000104460000065","1","9/30/2024","-41801163.89","1495000.00","-349707.86","0.00","0.00","50000000.00","-41801163.89","LN","0.00","0.00","0.00","0.00","-41801163.89","1495000.00","-349707.86","0.00","0.00","0.00","0.00","0.00","0.00","0.00","0.00","0.00","0.00","0.00","0.00","0.00","0.00"
"1765","256594","1050202","000104460000065","1","10/31/2024","-40660777.88","1495000.00","-354613.99","0.00","0.00","50000000.00","-40660777.88","LN","0.00","0.00","0.00","0.00","-40660777.88","1495000.00","-354613.99","0.00","0.00","0.00","0.00","0.00","0.00","0.00","0.00","0.00","0.00","0.00","0.00","0.00","0.00"
"1766","256595","1050202","000104460000065","1","11/30/2024","-39499566.49","1495000.00","-333788.61","0.00","0.00","50000000.00","-39499566.49","LN","0.00","0.00","0.00","0.00","-39499566.49","1495000.00","-333788.61","0.00","0.00","0.00","0.00","0.00","0.00","0.00","0.00","0.00","0.00","0.00","0.00","0.00","0.00"
"1767","256596","1050202","000104460000065","1","12/31/2024","-38339632.70","1495000.00","-335066.21","0.00","0.00","50000000.00","-38339632.70","LN","0.00","0.00","0.00","0.00","-38339632.70","1495000.00","-335066.21","0.00","0.00","0.00","0.00","0.00","0.00","0.00","0.00","0.00","0.00","0.00","0.00","0.00","0.00"
"1768","256597","1050202","000104460000065","1","1/31/2025","-37180351.43","1495000.00","-335718.73","0.00","0.00","50000000.00","-37180351.43","LN","0.00","0.00","0.00","0.00","-37180351.43","1495000.00","-335718.73","0.00","0.00","0.00","0.00","0.00","0.00","0.00","0.00","0.00","0.00","0.00","0.00","0.00","0.00"
"1769","256598","1050202","000104460000065","1","2/28/2025","-35966065.14","1495000.00","-280713.71","0.00","0.00","50000000.00","-35966065.14","LN","0.00","0.00","0.00","0.00","-35966065.14","1495000.00","-280713.71","0.00","0.00","0.00","0.00","0.00","0.00","0.00","0.00","0.00","0.00","0.00","0.00","0.00","0.00"
"1770","256599","1050202","000104460000065","1","3/31/2025","-34783517.05","1495000.00","-312451.91","0.00","0.00","50000000.00","-34783517.05","LN","0.00","0.00","0.00","0.00","-34783517.05","1495000.00","-312451.91","0.00","0.00","0.00","0.00","0.00","0.00","0.00","0.00","0.00","0.00","0.00","0.00","0.00","0.00"
"1771","256600","1050202","000104460000065","1","4/30/2025","-35069408.95","0.00","-285891.90","0.00","0.00","50000000.00","-35069408.95","LN","0.00","0.00","0.00","0.00","-35069408.95","0.00","-285891.90","0.00","0.00","0.00","0.00","0.00","0.00","0.00","0.00","0.00","0.00","0.00","0.00","0.00","0.00"
"1772","256601","1050202","000104460000065","1","5/31/2025","-32373162.91","2990000.00","-293753.96","0.00","0.00","50000000.00","-32373162.91","LN","0.00","0.00","0.00","0.00","-32373162.91","2990000.00","-293753.96","0.00","0.00","0.00","0.00","0.00","0.00","0.00","0.00","0.00","0.00","0.00","0.00","0.00","0.00"
"1773","256602","1050202","000104460000065","1","6/30/2025","-31142605.35","1495000.00","-264442.44","0.00","0.00","50000000.00","-31142605.35","LN","0.00","0.00","0.00","0.00","-31142605.35","1495000.00","-264442.44","0.00","0.00","0.00","0.00","0.00","0.00","0.00","0.00","0.00","0.00","0.00","0.00","0.00","0.00"
"1774","256603","1050202","000104460000065","1","7/31/2025","-31407104.17","0.00","-264498.82","0.00","0.00","50000000.00","-31407104.17","LN","0.00","0.00","0.00","0.00","-31407104.17","0.00","-264498.82","0.00","0.00","0.00","0.00","0.00","0.00","0.00","0.00","0.00","0.00","0.00","0.00","0.00","0.00"
"1775","260875","1050202","000104460000065","1","8/31/2025","-30177687.94","1495000.00","-265583.77","0.00","0.00","50000000.00","-30177687.94","LN","0.00","0.00","0.00","0.00","-30177687.94","1495000.00","-265583.77","0.00","0.00","0.00","0.00","0.00","0.00","-3933718.71","-3933718.71","28394440.00","0.00","0.00","0.00","0.00","0.00"
"1776","268469","1050202","000104460000065","1","9/30/2025","-28927447.02","1495000.00","-244759.08","0.00","0.00","50000000.00","-28927447.02","LN","0.00","0.00","0.00","0.00","-28927447.02","1495000.00","-244759.08","0.00","0.00","0.00","0.00","0.00","0.00","-3933718.71","-3933718.71","28394440.00","0.00","0.00","0.00","0.00","0.00"
"1777","289069","1050202","000104460000065","1","10/31/2025","-27676903.48","1495000.00","-244456.46","0.00","0.00","50000000.00","-27676903.48","LN","0.00","0.00","0.00","0.00","-27676903.48","1495000.00","-244456.46","0.00","0.00","0.00","0.00","0.00","0.00","-3933718.71","-3933718.71","28394440.00","0.00","0.00","0.00","0.00","0.00"
"1778","292863","1050202","000104460000065","1","11/30/2025","-26406927.24","1495000.00","-225023.76","0.00","0.00","50000000.00","-26406927.24","LN","0.00","0.00","0.00","0.00","-26406927.24","1495000.00","-225023.76","0.00","0.00","0.00","0.00","0.00","0.00","-3933718.71","-3933718.71","28394440.00","0.00","0.00","0.00","0.00","0.00"
"1779","325256","1050202","000104460000065","1","12/31/2025","-25130061.41","1495000.00","-218134.17","0.00","0.00","50000000.00","-25130061.41","LN","0.00","0.00","0.00","0.00","-25130061.41","1495000.00","-218134.17","0.00","0.00","0.00","0.00","0.00","0.00","-3933718.71","-3933718.71","28394440.00","0.00","0.00","0.00","0.00","0.00"
"1780","329054","1050202","000104460000065","1","1/31/2026","-23840303.06","1495000.00","-205241.65","0.00","0.00","50000000.00","-23840303.06","LN","0.00","0.00","0.00","0.00","-23840303.06","1495000.00","-205241.65","0.00","0.00","0.00","0.00","0.00","0.00","-3933718.71","-3933718.71","28394440.00","0.00","0.00","0.00","0.00","0.00"
"1781","332868","1050202","000104460000065","1","2/28/2026","-22523682.09","1495000.00","-178379.03","0.00","0.00","50000000.00","-22523682.09","LN","0.00","0.00","0.00","0.00","-22523682.09","1495000.00","-178379.03","0.00","0.00","0.00","0.00","0.00","0.00","-3933718.71","-3933718.71","28394440.00","0.00","0.00","0.00","0.00","0.00"
"1782","336667","1050202","000104460000065","1","3/31/2026","-21116920.20","1595000.00","-188238.11","0.00","0.00","50000000.00","-21116920.20","LN","0.00","0.00","0.00","0.00","-21116920.20","1595000.00","-188238.11","0.00","0.00","0.00","0.00","0.00","0.00","-3933718.71","-3933718.71","28394440.00","0.00","0.00","0.00","0.00","0.00"
"1783","340447","1050202","000104460000065","1","4/30/2026","-19693736.04","1595000.00","-171815.84","0.00","0.00","50000000.00","-19693736.04","LN","0.00","0.00","0.00","0.00","-19693736.04","1595000.00","-171815.84","0.00","0.00","0.00","0.00","0.00","0.00","-3933718.71","-3933718.71","28394440.00","0.00","0.00","0.00","0.00","0.00"
"1784","344227","1050202","000104460000065","1","5/31/2026","-18366863.73","1493724.81","-166852.50","0.00","0.00","50000000.00","-18366863.73","LN","0.00","0.00","0.00","0.00","-18366863.73","1493724.81","-166852.50","0.00","0.00","0.00","0.00","0.00","0.00","-3933718.71","-3933718.71","28394440.00","0.00","0.00","0.00","0.00","0.00"
"1785","348007","1050202","000104460000065","1","6/30/2026","-18517824.33","0.00","-150960.60","0.00","0.00","50000000.00","-18517824.33","LN","0.00","0.00","0.00","0.00","-18517824.33","0.00","-150960.60","0.00","0.00","0.00","0.00","0.00","0.00","-3933718.71","-3933718.71","28394440.00","0.00","0.00","0.00","0.00","0.00"
"1786","351773","1050202","000104460000065","1","7/31/2026","-15480292.22","3190000.00","-152467.89","0.00","0.00","50000000.00","-15480292.22","LN","0.00","0.00","0.00","0.00","-15480292.22","3190000.00","-152467.89","0.00","0.00","0.00","0.00","0.00","0.00","-3933718.71","-3933718.71","28394440.00","0.00","0.00","0.00","0.00","0.00"
"1787","355539","1050202","000104460000065","1","8/31/2026","-14016331.81","1595000.00","-131039.59","0.00","0.00","50000000.00","-14016331.81","LN","0.00","0.00","0.00","0.00","-14016331.81","1595000.00","-131039.59","0.00","0.00","0.00","0.00","0.00","0.00","-3933718.71","-3933718.71","28394440.00","0.00","0.00","0.00","0.00","0.00"
"1788","256604","1050202","000104460000066","1","7/31/2024","-47866297.75","45342789.56","-93209087.31","0.00","0.00","150000000.00","-47866297.75","LN","0.00","0.00","0.00","0.00","-47866297.75","45342789.56","-93209087.31","0.00","0.00","0.00","0.00","0.00","0.00","0.00","0.00","0.00","0.00","0.00","0.00","0.00","0.00"
"1789","256605","1050202","000104460000066","1","8/31/2024","-43671573.16","4600000.00","-405275.41","0.00","0.00","150000000.00","-43671573.16","LN","0.00","0.00","0.00","0.00","-43671573.16","4600000.00","-405275.41","0.00","0.00","0.00","0.00","0.00","0.00","0.00","0.00","0.00","0.00","0.00","0.00","0.00","0.00"
"1790","256606","1050202","000104460000066","1","9/30/2024","-34593776.46","9408387.10","-330590.40","0.00","0.00","150000000.00","-34593776.46","LN","0.00","0.00","0.00","0.00","-34593776.46","9408387.10","-330590.40","0.00","0.00","0.00","0.00","0.00","0.00","0.00","0.00","0.00","0.00","0.00","0.00","0.00","0.00"
"1791","256607","1050202","000104460000066","1","10/31/2024","-34887586.62","0.00","-293810.16","0.00","0.00","150000000.00","-34887586.62","LN","0.00","0.00","0.00","0.00","-34887586.62","0.00","-293810.16","0.00","0.00","0.00","0.00","0.00","0.00","0.00","0.00","0.00","0.00","0.00","0.00","0.00","0.00"
"1792","256608","1050202","000104460000066","1","11/30/2024","-35174333.82","0.00","-286747.20","0.00","0.00","150000000.00","-35174333.82","LN","0.00","0.00","0.00","0.00","-35174333.82","0.00","-286747.20","0.00","0.00","0.00","0.00","0.00","0.00","0.00","0.00","0.00","0.00","0.00","0.00","0.00","0.00"
"1793","256609","1050202","000104460000066","1","12/31/2024","-30434718.54","5000000.00","-260384.72","0.00","0.00","150000000.00","-30434718.54","LN","0.00","0.00","0.00","0.00","-30434718.54","5000000.00","-260384.72","0.00","0.00","0.00","0.00","0.00","0.00","0.00","0.00","0.00","0.00","0.00","0.00","0.00","0.00"
"1794","256610","1050202","000104460000066","1","1/31/2025","-24759916.10","5940000.00","-265197.56","0.00","0.00","150000000.00","-24759916.10","LN","0.00","0.00","0.00","0.00","-24759916.10","5940000.00","-265197.56","0.00","0.00","0.00","0.00","0.00","0.00","0.00","0.00","0.00","0.00","0.00","0.00","0.00","0.00"
"1795","256611","1050202","000104460000066","1","2/28/2025","-12913690.85","12000000.00","-153774.75","0.00","0.00","150000000.00","-12913690.85","LN","0.00","0.00","0.00","0.00","-12913690.85","12000000.00","-153774.75","0.00","0.00","0.00","0.00","0.00","0.00","0.00","0.00","0.00","0.00","0.00","0.00","0.00","0.00"
"1796","256612","1050202","000104460000066","1","3/31/2025","-13026906.85","0.00","-113216.00","0.00","0.00","150000000.00","-13026906.85","LN","0.00","0.00","0.00","0.00","-13026906.85","0.00","-113216.00","0.00","0.00","0.00","0.00","0.00","0.00","0.00","0.00","0.00","0.00","0.00","0.00","0.00","0.00"
"1797","256613","1050202","000104460000066","1","4/30/2025","-13133977.45","0.00","-107070.60","0.00","0.00","150000000.00","-13133977.45","LN","0.00","0.00","0.00","0.00","-13133977.45","0.00","-107070.60","0.00","0.00","0.00","0.00","0.00","0.00","0.00","0.00","0.00","0.00","0.00","0.00","0.00","0.00"
"1798","256614","1050202","000104460000066","1","5/31/2025","-13245526.30","0.00","-111548.85","0.00","0.00","150000000.00","-13245526.30","LN","0.00","0.00","0.00","0.00","-13245526.30","0.00","-111548.85","0.00","0.00","0.00","0.00","0.00","0.00","0.00","0.00","0.00","0.00","0.00","0.00","0.00","0.00"
"1799","256615","1050202","000104460000066","1","6/30/2025","-13354393.60","0.00","-108867.30","0.00","0.00","150000000.00","-13354393.60","LN","0.00","0.00","0.00","0.00","-13354393.60","0.00","-108867.30","0.00","0.00","0.00","0.00","0.00","0.00","0.00","0.00","0.00","0.00","0.00","0.00","0.00","0.00"
"1800","256616","1050202","000104460000066","1","7/31/2025","-13467814.54","0.00","-113420.94","0.00","0.00","150000000.00","-13467814.54","LN","0.00","0.00","0.00","0.00","-13467814.54","0.00","-113420.94","0.00","0.00","0.00","0.00","0.00","0.00","0.00","0.00","0.00","0.00","0.00","0.00","0.00","0.00"
"1801","260876","1050202","000104460000066","1","8/31/2025","-626298.00","12948681.41","-107164.87","0.00","0.00","150000000.00","-626298.00","LN","0.00","0.00","0.00","0.00","-626298.00","12948681.41","-107164.87","0.00","0.00","0.00","0.00","0.00","0.00","-3815596.05","-3815596.05","82291176.66","0.00","0.00","0.00","0.00","0.00"
"1802","268470","1050202","000104460000066","1","9/30/2025","-631445.70","0.00","-5147.70","0.00","0.00","150000000.00","-631445.70","LN","0.00","0.00","0.00","0.00","-631445.70","0.00","-5147.70","0.00","0.00","0.00","0.00","0.00","0.00","-3815596.05","-3815596.05","82291176.66","0.00","0.00","0.00","0.00","0.00"
"1803","289070","1050202","000104460000066","1","10/31/2025","-636808.70","0.00","-5363.00","0.00","0.00","150000000.00","-636808.70","LN","0.00","0.00","0.00","0.00","-636808.70","0.00","-5363.00","0.00","0.00","0.00","0.00","0.00","0.00","-3815596.05","-3815596.05","82291176.66","0.00","0.00","0.00","0.00","0.00"
"1804","292864","1050202","000104460000066","1","11/30/2025","-642042.80","0.00","-5234.10","0.00","0.00","150000000.00","-642042.80","LN","0.00","0.00","0.00","0.00","-642042.80","0.00","-5234.10","0.00","0.00","0.00","0.00","0.00","0.00","-3815596.05","-3815596.05","82291176.66","0.00","0.00","0.00","0.00","0.00"
"1805","325257","1050202","000104460000066","1","12/31/2025","-647495.70","0.00","-5452.90","0.00","0.00","150000000.00","-647495.70","LN","0.00","0.00","0.00","0.00","-647495.70","0.00","-5452.90","0.00","0.00","0.00","0.00","0.00","0.00","-3815596.05","-3815596.05","82291176.66","0.00","0.00","0.00","0.00","0.00"
"1806","329055","1050202","000104460000066","1","1/31/2026","-652995.10","0.00","-5499.40","0.00","0.00","150000000.00","-652995.10","LN","0.00","0.00","0.00","0.00","-652995.10","0.00","-5499.40","0.00","0.00","0.00","0.00","0.00","0.00","-3815596.05","-3815596.05","82291176.66","0.00","0.00","0.00","0.00","0.00"
"1807","332869","1050202","000104460000066","1","2/28/2026","-658004.30","0.00","-5009.20","0.00","0.00","150000000.00","-658004.30","LN","0.00","0.00","0.00","0.00","-658004.30","0.00","-5009.20","0.00","0.00","0.00","0.00","0.00","0.00","-3815596.05","-3815596.05","82291176.66","0.00","0.00","0.00","0.00","0.00"
"1808","336668","1050202","000104460000066","1","3/31/2026","-663592.98","0.00","-5588.68","0.00","0.00","150000000.00","-663592.98","LN","0.00","0.00","0.00","0.00","-663592.98","0.00","-5588.68","0.00","0.00","0.00","0.00","0.00","0.00","-3815596.05","-3815596.05","82291176.66","0.00","0.00","0.00","0.00","0.00"
"1809","340448","1050202","000104460000066","1","4/30/2026","-669047.28","0.00","-5454.30","0.00","0.00","150000000.00","-669047.28","LN","0.00","0.00","0.00","0.00","-669047.28","0.00","-5454.30","0.00","0.00","0.00","0.00","0.00","0.00","-3815596.05","-3815596.05","82291176.66","0.00","0.00","0.00","0.00","0.00"
"1810","344228","1050202","000104460000066","1","5/31/2026","-674729.58","0.00","-5682.30","0.00","0.00","150000000.00","-674729.58","LN","0.00","0.00","0.00","0.00","-674729.58","0.00","-5682.30","0.00","0.00","0.00","0.00","0.00","0.00","-3815596.05","-3815596.05","82291176.66","0.00","0.00","0.00","0.00","0.00"
"1811","348008","1050202","000104460000066","1","6/30/2026","0.00","674729.58","0.00","0.00","0.00","150000000.00","0.00","LN","0.00","0.00","0.00","0.00","0.00","674729.58","0.00","0.00","0.00","0.00","0.00","0.00","0.00","-3815596.05","-3815596.05","82291176.66","0.00","0.00","0.00","0.00","0.00"
"1812","256617","1050202","000104460000070","1","7/31/2024","-70386103.95","35000000.00","-105386103.95","0.00","0.00","50000000.00","-70386103.95","LN","0.00","0.00","0.00","0.00","-70386103.95","35000000.00","-105386103.95","0.00","0.00","0.00","0.00","0.00","0.00","0.00","0.00","0.00","0.00","0.00","0.00","0.00","0.00"
"1813","256618","1050202","000104460000070","1","8/31/2024","-63945547.58","7000000.00","-559443.63","0.00","0.00","50000000.00","-63945547.58","LN","0.00","0.00","0.00","0.00","-63945547.58","7000000.00","-559443.63","0.00","0.00","0.00","0.00","0.00","0.00","0.00","0.00","0.00","0.00","0.00","0.00","0.00","0.00"
"1814","256619","1050202","000104460000070","1","9/30/2024","-57471127.42","7000000.00","-525579.84","0.00","0.00","50000000.00","-57471127.42","LN","0.00","0.00","0.00","0.00","-57471127.42","7000000.00","-525579.84","0.00","0.00","0.00","0.00","0.00","0.00","0.00","0.00","0.00","0.00","0.00","0.00","0.00","0.00"
"1815","256620","1050202","000104460000070","1","10/31/2024","-50940060.28","7000000.00","-468932.86","0.00","0.00","50000000.00","-50940060.28","LN","0.00","0.00","0.00","0.00","-50940060.28","7000000.00","-468932.86","0.00","0.00","0.00","0.00","0.00","0.00","0.00","0.00","0.00","0.00","0.00","0.00","0.00","0.00"
"1816","256621","1050202","000104460000070","1","11/30/2024","-51358745.68","0.00","-418685.40","0.00","0.00","50000000.00","-51358745.68","LN","0.00","0.00","0.00","0.00","-51358745.68","0.00","-418685.40","0.00","0.00","0.00","0.00","0.00","0.00","0.00","0.00","0.00","0.00","0.00","0.00","0.00","0.00"
"1817","256622","1050202","000104460000070","1","12/31/2024","-44743162.40","7000000.00","-384416.72","0.00","0.00","50000000.00","-44743162.40","LN","0.00","0.00","0.00","0.00","-44743162.40","7000000.00","-384416.72","0.00","0.00","0.00","0.00","0.00","0.00","0.00","0.00","0.00","0.00","0.00","0.00","0.00","0.00"
"1818","256623","1050202","000104460000070","1","1/31/2025","-38133513.39","7000000.00","-390350.99","0.00","0.00","50000000.00","-38133513.39","LN","0.00","0.00","0.00","0.00","-38133513.39","7000000.00","-390350.99","0.00","0.00","0.00","0.00","0.00","0.00","0.00","0.00","0.00","0.00","0.00","0.00","0.00","0.00"
"1819","256624","1050202","000104460000070","1","2/28/2025","-38426044.51","0.00","-292531.12","0.00","0.00","50000000.00","-38426044.51","LN","0.00","0.00","0.00","0.00","-38426044.51","0.00","-292531.12","0.00","0.00","0.00","0.00","0.00","0.00","0.00","0.00","0.00","0.00","0.00","0.00","0.00","0.00"
"1820","256625","1050202","000104460000070","1","3/31/2025","-31741834.47","7000000.00","-315789.96","0.00","0.00","50000000.00","-31741834.47","LN","0.00","0.00","0.00","0.00","-31741834.47","7000000.00","-315789.96","0.00","0.00","0.00","0.00","0.00","0.00","0.00","0.00","0.00","0.00","0.00","0.00","0.00","0.00"
"1821","256626","1050202","000104460000070","1","4/30/2025","-24987383.69","7000000.00","-245549.22","0.00","0.00","50000000.00","-24987383.69","LN","0.00","0.00","0.00","0.00","-24987383.69","7000000.00","-245549.22","0.00","0.00","0.00","0.00","0.00","0.00","0.00","0.00","0.00","0.00","0.00","0.00","0.00","0.00"
"1822","256627","1050202","000104460000070","1","5/31/2025","-11195769.73","14000000.00","-208386.04","0.00","0.00","50000000.00","-11195769.73","LN","0.00","0.00","0.00","0.00","-11195769.73","14000000.00","-208386.04","0.00","0.00","0.00","0.00","0.00","0.00","0.00","0.00","0.00","0.00","0.00","0.00","0.00","0.00"
"1823","256628","1050202","000104460000070","1","6/30/2025","-584858.13","10700000.00","-89088.40","0.00","0.00","50000000.00","-584858.13","LN","0.00","0.00","0.00","0.00","-584858.13","10700000.00","-89088.40","0.00","0.00","0.00","0.00","0.00","0.00","0.00","0.00","0.00","0.00","0.00","0.00","0.00","0.00"
"1824","256629","1050202","000104460000070","1","7/31/2025","-589825.57","0.00","-4967.44","0.00","0.00","50000000.00","-589825.57","LN","0.00","0.00","0.00","0.00","-589825.57","0.00","-4967.44","0.00","0.00","0.00","0.00","0.00","0.00","0.00","0.00","0.00","0.00","0.00","0.00","0.00","0.00"
"1825","260877","1050202","000104460000070","1","8/31/2025","-534624.29","59832.00","-4630.72","0.00","0.00","50000000.00","-534624.29","LN","0.00","0.00","0.00","0.00","-534624.29","59832.00","-4630.72","0.00","0.00","0.00","0.00","0.00","0.00","-4095464.03","-4095464.03","108700000.00","0.00","0.00","0.00","0.00","0.00"
"1826","268471","1050202","000104460000070","1","9/30/2025","-539018.39","0.00","-4394.10","0.00","0.00","50000000.00","-539018.39","LN","0.00","0.00","0.00","0.00","-539018.39","0.00","-4394.10","0.00","0.00","0.00","0.00","0.00","0.00","-4095464.03","-4095464.03","108700000.00","0.00","0.00","0.00","0.00","0.00"
"1827","289071","1050202","000104460000070","1","10/31/2025","-543596.47","0.00","-4578.08","0.00","0.00","50000000.00","-543596.47","LN","0.00","0.00","0.00","0.00","-543596.47","0.00","-4578.08","0.00","0.00","0.00","0.00","0.00","0.00","-4095464.03","-4095464.03","108700000.00","0.00","0.00","0.00","0.00","0.00"
"1828","292865","1050202","000104460000070","1","11/30/2025","-548064.37","0.00","-4467.90","0.00","0.00","50000000.00","-548064.37","LN","0.00","0.00","0.00","0.00","-548064.37","0.00","-4467.90","0.00","0.00","0.00","0.00","0.00","0.00","-4095464.03","-4095464.03","108700000.00","0.00","0.00","0.00","0.00","0.00"
"1829","325258","1050202","000104460000070","1","12/31/2025","-548064.37","0.00","0.00","0.00","0.00","50000000.00","-548064.37","LN","0.00","0.00","0.00","0.00","-548064.37","0.00","0.00","0.00","0.00","0.00","0.00","0.00","0.00","-4095464.03","-4095464.03","108700000.00","0.00","0.00","0.00","0.00","0.00"
"1830","329056","1050202","000104460000070","1","1/31/2026","-548064.37","0.00","0.00","0.00","0.00","50000000.00","-548064.37","LN","0.00","0.00","0.00","0.00","-548064.37","0.00","0.00","0.00","0.00","0.00","0.00","0.00","0.00","-4095464.03","-4095464.03","108700000.00","0.00","0.00","0.00","0.00","0.00"
"1831","332870","1050202","000104460000070","1","2/28/2026","-548064.37","0.00","0.00","0.00","0.00","50000000.00","-548064.37","LN","0.00","0.00","0.00","0.00","-548064.37","0.00","0.00","0.00","0.00","0.00","0.00","0.00","0.00","-4095464.03","-4095464.03","108700000.00","0.00","0.00","0.00","0.00","0.00"
"1832","336669","1050202","000104460000070","1","3/31/2026","-548064.37","0.00","0.00","0.00","0.00","50000000.00","-548064.37","LN","0.00","0.00","0.00","0.00","-548064.37","0.00","0.00","0.00","0.00","0.00","0.00","0.00","0.00","-4095464.03","-4095464.03","108700000.00","0.00","0.00","0.00","0.00","0.00"
"1833","340449","1050202","000104460000070","1","4/30/2026","-548064.37","0.00","0.00","0.00","0.00","50000000.00","-548064.37","LN","0.00","0.00","0.00","0.00","-548064.37","0.00","0.00","0.00","0.00","0.00","0.00","0.00","0.00","-4095464.03","-4095464.03","108700000.00","0.00","0.00","0.00","0.00","0.00"
"1834","344229","1050202","000104460000070","1","5/31/2026","-548064.37","0.00","0.00","0.00","0.00","50000000.00","-548064.37","LN","0.00","0.00","0.00","0.00","-548064.37","0.00","0.00","0.00","0.00","0.00","0.00","0.00","0.00","-4095464.03","-4095464.03","108700000.00","0.00","0.00","0.00","0.00","0.00"
"1835","348009","1050202","000104460000070","1","6/30/2026","0.00","548064.37","0.00","0.00","0.00","50000000.00","0.00","LN","0.00","0.00","0.00","0.00","0.00","548064.37","0.00","0.00","0.00","0.00","0.00","0.00","0.00","-4095464.03","-4095464.03","108700000.00","0.00","0.00","0.00","0.00","0.00"
"1836","256630","1050202","000104460000071","1","7/31/2024","-215176122.32","45090273.37","-260266395.69","0.00","0.00","236401400.00","-215176122.32","LN","0.00","0.00","0.00","0.00","-215176122.32","45090273.37","-260266395.69","0.00","0.00","0.00","0.00","0.00","0.00","0.00","0.00","0.00","0.00","0.00","0.00","0.00","0.00"
"1837","256631","1050202","000104460000071","1","8/31/2024","-209805275.50","7196398.44","-1825551.62","0.00","0.00","236401400.00","-209805275.50","LN","0.00","0.00","0.00","0.00","-209805275.50","7196398.44","-1825551.62","0.00","0.00","0.00","0.00","0.00","0.00","0.00","0.00","0.00","0.00","0.00","0.00","0.00","0.00"
"1838","256632","1050202","000104460000071","1","9/30/2024","-204331332.36","7196398.44","-1722455.30","0.00","0.00","236401400.00","-204331332.36","LN","0.00","0.00","0.00","0.00","-204331332.36","7196398.44","-1722455.30","0.00","0.00","0.00","0.00","0.00","0.00","0.00","0.00","0.00","0.00","0.00","0.00","0.00","0.00"
"1839","256633","1050202","000104460000071","1","10/31/2024","-198864434.30","7196400.00","-1729501.94","0.00","0.00","236401400.00","-198864434.30","LN","0.00","0.00","0.00","0.00","-198864434.30","7196400.00","-1729501.94","0.00","0.00","0.00","0.00","0.00","0.00","0.00","0.00","0.00","0.00","0.00","0.00","0.00","0.00"
"1840","256634","1050202","000104460000071","1","11/30/2024","-193461115.40","7035893.55","-1632574.65","0.00","0.00","236401400.00","-193461115.40","LN","0.00","0.00","0.00","0.00","-193461115.40","7035893.55","-1632574.65","0.00","0.00","0.00","0.00","0.00","0.00","0.00","0.00","0.00","0.00","0.00","0.00","0.00","0.00"
"1841","256635","1050202","000104460000071","1","12/31/2024","-187890067.37","7196398.00","-1625349.97","0.00","0.00","236401400.00","-187890067.37","LN","0.00","0.00","0.00","0.00","-187890067.37","7196398.00","-1625349.97","0.00","0.00","0.00","0.00","0.00","0.00","0.00","0.00","0.00","0.00","0.00","0.00","0.00","0.00"
"1842","256636","1050202","000104460000071","1","1/31/2025","-182338953.11","7196398.00","-1645283.74","0.00","0.00","236401400.00","-182338953.11","LN","0.00","0.00","0.00","0.00","-182338953.11","7196398.00","-1645283.74","0.00","0.00","0.00","0.00","0.00","0.00","0.00","0.00","0.00","0.00","0.00","0.00","0.00","0.00"
"1843","256637","1050202","000104460000071","1","2/28/2025","-176680619.71","14071788.00","-8413454.60","0.00","0.00","236401400.00","-176680619.71","LN","0.00","0.00","0.00","0.00","-176680619.71","14071788.00","-8413454.60","0.00","0.00","0.00","0.00","0.00","0.00","0.00","0.00","0.00","0.00","0.00","0.00","0.00","0.00"
"1844","256638","1050202","000104460000071","1","3/31/2025","-171011514.25","7196398.44","-1527292.98","0.00","0.00","236401400.00","-171011514.25","LN","0.00","0.00","0.00","0.00","-171011514.25","7196398.44","-1527292.98","0.00","0.00","0.00","0.00","0.00","0.00","0.00","0.00","0.00","0.00","0.00","0.00","0.00","0.00"
"1845","256639","1050202","000104460000071","1","4/30/2025","-165218718.29","7196398.44","-1403602.48","0.00","0.00","236401400.00","-165218718.29","LN","0.00","0.00","0.00","0.00","-165218718.29","7196398.44","-1403602.48","0.00","0.00","0.00","0.00","0.00","0.00","0.00","0.00","0.00","0.00","0.00","0.00","0.00","0.00"
"1846","256640","1050202","000104460000071","1","5/31/2025","-159413717.59","7196398.44","-1391397.74","0.00","0.00","236401400.00","-159413717.59","LN","0.00","0.00","0.00","0.00","-159413717.59","7196398.44","-1391397.74","0.00","0.00","0.00","0.00","0.00","0.00","0.00","0.00","0.00","0.00","0.00","0.00","0.00","0.00"
"1847","256641","1050202","000104460000071","1","6/30/2025","-153519682.41","7196398.44","-1302363.26","0.00","0.00","236401400.00","-153519682.41","LN","0.00","0.00","0.00","0.00","-153519682.41","7196398.44","-1302363.26","0.00","0.00","0.00","0.00","0.00","0.00","0.00","0.00","0.00","0.00","0.00","0.00","0.00","0.00"
"1848","256642","1050202","000104460000071","1","7/31/2025","-147611376.90","7196398.44","-1288092.93","0.00","0.00","236401400.00","-147611376.90","LN","0.00","0.00","0.00","0.00","-147611376.90","7196398.44","-1288092.93","0.00","0.00","0.00","0.00","0.00","0.00","0.00","0.00","0.00","0.00","0.00","0.00","0.00","0.00"
"1849","260878","1050202","000104460000071","1","8/31/2025","-141665018.70","7196398.44","-1250040.24","0.00","0.00","236401400.00","-141665018.70","LN","0.00","0.00","0.00","0.00","-141665018.70","7196398.44","-1250040.24","0.00","0.00","0.00","0.00","0.00","0.00","-19296124.12","-19296124.12","131126046.00","0.00","0.00","0.00","0.00","0.00"
"1850","268472","1050202","000104460000071","1","9/30/2025","-142829388.60","0.00","-1164369.90","0.00","0.00","236401400.00","-142829388.60","LN","0.00","0.00","0.00","0.00","-142829388.60","0.00","-1164369.90","0.00","0.00","0.00","0.00","0.00","0.00","-19296124.12","-19296124.12","131126046.00","0.00","0.00","0.00","0.00","0.00"
"1851","289072","1050202","000104460000071","1","10/31/2025","-129582628.21","14392796.88","-1146036.49","0.00","0.00","236401400.00","-129582628.21","LN","0.00","0.00","0.00","0.00","-129582628.21","14392796.88","-1146036.49","0.00","0.00","0.00","0.00","0.00","0.00","-19296124.12","-19296124.12","131126046.00","0.00","0.00","0.00","0.00","0.00"
"1852","292866","1050202","000104460000071","1","11/30/2025","-123445377.61","7196398.44","-1059147.84","0.00","0.00","236401400.00","-123445377.61","LN","0.00","0.00","0.00","0.00","-123445377.61","7196398.44","-1059147.84","0.00","0.00","0.00","0.00","0.00","0.00","-19296124.12","-19296124.12","131126046.00","0.00","0.00","0.00","0.00","0.00"
"1853","325259","1050202","000104460000071","1","12/31/2025","-117267845.17","7196398.44","-1018866.00","0.00","0.00","236401400.00","-117267845.17","LN","0.00","0.00","0.00","0.00","-117267845.17","7196398.44","-1018866.00","0.00","0.00","0.00","0.00","0.00","0.00","-19296124.12","-19296124.12","131126046.00","0.00","0.00","0.00","0.00","0.00"
"1854","329057","1050202","000104460000071","1","1/31/2026","-111065454.13","7196393.00","-994001.96","0.00","0.00","236401400.00","-111065454.13","LN","0.00","0.00","0.00","0.00","-111065454.13","7196393.00","-994001.96","0.00","0.00","0.00","0.00","0.00","0.00","-19296124.12","-19296124.12","131126046.00","0.00","0.00","0.00","0.00","0.00"
"1855","332871","1050202","000104460000071","1","2/28/2026","-111917463.05","0.00","-852008.92","0.00","0.00","236401400.00","-111917463.05","LN","0.00","0.00","0.00","0.00","-111917463.05","0.00","-852008.92","0.00","0.00","0.00","0.00","0.00","0.00","-19296124.12","-19296124.12","131126046.00","0.00","0.00","0.00","0.00","0.00"
"1856","336670","1050202","000104460000071","1","3/31/2026","-105669630.35","7196393.00","-948560.30","0.00","0.00","236401400.00","-105669630.35","LN","0.00","0.00","0.00","0.00","-105669630.35","7196393.00","-948560.30","0.00","0.00","0.00","0.00","0.00","0.00","-19296124.12","-19296124.12","131126046.00","0.00","0.00","0.00","0.00","0.00"
"1857","340450","1050202","000104460000071","1","4/30/2026","-99333862.87","7196398.44","-860630.96","0.00","0.00","236401400.00","-99333862.87","LN","0.00","0.00","0.00","0.00","-99333862.87","7196398.44","-860630.96","0.00","0.00","0.00","0.00","0.00","0.00","-19296124.12","-19296124.12","131126046.00","0.00","0.00","0.00","0.00","0.00"
"1858","344230","1050202","000104460000071","1","5/31/2026","-91147931.31","9000000.00","-814068.44","0.00","0.00","236401400.00","-91147931.31","LN","0.00","0.00","0.00","0.00","-91147931.31","9000000.00","-814068.44","0.00","0.00","0.00","0.00","0.00","0.00","-19296124.12","-19296124.12","131126046.00","0.00","0.00","0.00","0.00","0.00"
"1859","348010","1050202","000104460000071","1","6/30/2026","-91897092.51","0.00","-749161.20","0.00","0.00","236401400.00","-91897092.51","LN","0.00","0.00","0.00","0.00","-91897092.51","0.00","-749161.20","0.00","0.00","0.00","0.00","0.00","0.00","-19296124.12","-19296124.12","131126046.00","0.00","0.00","0.00","0.00","0.00"
"1860","351774","1050202","000104460000071","1","7/31/2026","-78274934.40","14392796.00","-770637.89","0.00","0.00","236401400.00","-78274934.40","LN","0.00","0.00","0.00","0.00","-78274934.40","14392796.00","-770637.89","0.00","0.00","0.00","0.00","0.00","0.00","-19296124.12","-19296124.12","131126046.00","0.00","0.00","0.00","0.00","0.00"
"1861","355540","1050202","000104460000071","1","8/31/2026","-71741365.67","7196398.00","-662829.27","0.00","0.00","236401400.00","-71741365.67","LN","0.00","0.00","0.00","0.00","-71741365.67","7196398.00","-662829.27","0.00","0.00","0.00","0.00","0.00","0.00","-19296124.12","-19296124.12","131126046.00","0.00","0.00","0.00","0.00","0.00"
"1862","256643","1050202","000104460000073","1","7/31/2024","-13013122.22","10296541.68","-23309663.90","0.00","0.00","21417000.00","-13013122.22","LN","0.00","0.00","0.00","0.00","-13013122.22","10296541.68","-23309663.90","0.00","0.00","0.00","0.00","0.00","0.00","0.00","0.00","0.00","0.00","0.00","0.00","0.00","0.00"
"1863","256644","1050202","000104460000073","1","8/31/2024","-11979271.00","1144060.19","-110208.97","0.00","0.00","21417000.00","-11979271.00","LN","0.00","0.00","0.00","0.00","-11979271.00","1144060.19","-110208.97","0.00","0.00","0.00","0.00","0.00","0.00","0.00","0.00","0.00","0.00","0.00","0.00","0.00","0.00"
"1864","256645","1050202","000104460000073","1","9/30/2024","-12077730.76","0.00","-98459.76","0.00","0.00","21417000.00","-12077730.76","LN","0.00","0.00","0.00","0.00","-12077730.76","0.00","-98459.76","0.00","0.00","0.00","0.00","0.00","0.00","0.00","0.00","0.00","0.00","0.00","0.00","0.00","0.00"
"1865","256646","1050202","000104460000073","1","10/31/2024","-12180308.75","0.00","-102577.99","0.00","0.00","21417000.00","-12180308.75","LN","0.00","0.00","0.00","0.00","-12180308.75","0.00","-102577.99","0.00","0.00","0.00","0.00","0.00","0.00","0.00","0.00","0.00","0.00","0.00","0.00","0.00","0.00"
"1866","256647","1050202","000104460000073","1","11/30/2024","-12280420.85","0.00","-100112.10","0.00","0.00","21417000.00","-12280420.85","LN","0.00","0.00","0.00","0.00","-12280420.85","0.00","-100112.10","0.00","0.00","0.00","0.00","0.00","0.00","0.00","0.00","0.00","0.00","0.00","0.00","0.00","0.00"
"1867","256648","1050202","000104460000073","1","12/31/2024","-8384525.53","3991578.68","-95683.36","0.00","0.00","21417000.00","-8384525.53","LN","0.00","0.00","0.00","0.00","-8384525.53","3991578.68","-95683.36","0.00","0.00","0.00","0.00","0.00","0.00","0.00","0.00","0.00","0.00","0.00","0.00","0.00","0.00"
"1868","256649","1050202","000104460000073","1","1/31/2025","-8458033.69","0.00","-73508.16","0.00","0.00","21417000.00","-8458033.69","LN","0.00","0.00","0.00","0.00","-8458033.69","0.00","-73508.16","0.00","0.00","0.00","0.00","0.00","0.00","0.00","0.00","0.00","0.00","0.00","0.00","0.00","0.00"
"1869","256650","1050202","000104460000073","1","2/28/2025","-8522917.25","0.00","-64883.56","0.00","0.00","21417000.00","-8522917.25","LN","0.00","0.00","0.00","0.00","-8522917.25","0.00","-64883.56","0.00","0.00","0.00","0.00","0.00","0.00","0.00","0.00","0.00","0.00","0.00","0.00","0.00","0.00"
"1870","256651","1050202","000104460000073","1","3/31/2025","-8597638.85","0.00","-74721.60","0.00","0.00","21417000.00","-8597638.85","LN","0.00","0.00","0.00","0.00","-8597638.85","0.00","-74721.60","0.00","0.00","0.00","0.00","0.00","0.00","0.00","0.00","0.00","0.00","0.00","0.00","0.00","0.00"
"1871","256652","1050202","000104460000073","1","4/30/2025","-4659537.33","4000000.00","-61898.48","0.00","0.00","21417000.00","-4659537.33","LN","0.00","0.00","0.00","0.00","-4659537.33","4000000.00","-61898.48","0.00","0.00","0.00","0.00","0.00","0.00","0.00","0.00","0.00","0.00","0.00","0.00","0.00","0.00"
"1872","256653","1050202","000104460000073","1","5/31/2025","-4699111.62","0.00","-39574.29","0.00","0.00","21417000.00","-4699111.62","LN","0.00","0.00","0.00","0.00","-4699111.62","0.00","-39574.29","0.00","0.00","0.00","0.00","0.00","0.00","0.00","0.00","0.00","0.00","0.00","0.00","0.00","0.00"
"1873","256654","1050202","000104460000073","1","6/30/2025","-3431304.36","1305000.00","-37192.74","0.00","0.00","21417000.00","-3431304.36","LN","0.00","0.00","0.00","0.00","-3431304.36","1305000.00","-37192.74","0.00","0.00","0.00","0.00","0.00","0.00","0.00","0.00","0.00","0.00","0.00","0.00","0.00","0.00"
"1874","256655","1050202","000104460000073","1","7/31/2025","896534.31","4350000.00","-22161.33","0.00","0.00","21417000.00","896534.31","LN","0.00","0.00","0.00","0.00","896534.31","4350000.00","-22161.33","0.00","0.00","0.00","0.00","0.00","0.00","0.00","0.00","0.00","0.00","0.00","0.00","0.00","0.00"
"1875","260879","1050202","000104460000073","1","8/31/2025","896534.31","0.00","0.00","0.00","0.00","21417000.00","896534.31","LN","0.00","0.00","0.00","0.00","896534.31","0.00","0.00","0.00","0.00","0.00","0.00","0.00","0.00","-1172367.82","-1172367.82","25087180.55","0.00","0.00","0.00","0.00","0.00"
"1876","268473","1050202","000104460000073","1","9/30/2025","896534.31","0.00","0.00","0.00","0.00","21417000.00","896534.31","LN","0.00","0.00","0.00","0.00","896534.31","0.00","0.00","0.00","0.00","0.00","0.00","0.00","0.00","-1172367.82","-1172367.82","25087180.55","0.00","0.00","0.00","0.00","0.00"
"1877","289073","1050202","000104460000073","1","10/31/2025","896534.31","0.00","0.00","0.00","0.00","21417000.00","896534.31","LN","0.00","0.00","0.00","0.00","896534.31","0.00","0.00","0.00","0.00","0.00","0.00","0.00","0.00","-1172367.82","-1172367.82","25087180.55","0.00","0.00","0.00","0.00","0.00"
"1878","292867","1050202","000104460000073","1","11/30/2025","896534.31","0.00","0.00","0.00","0.00","21417000.00","896534.31","LN","0.00","0.00","0.00","0.00","896534.31","0.00","0.00","0.00","0.00","0.00","0.00","0.00","0.00","-1172367.82","-1172367.82","25087180.55","0.00","0.00","0.00","0.00","0.00"
"1879","325260","1050202","000104460000073","1","12/31/2025","896534.31","0.00","0.00","0.00","0.00","21417000.00","896534.31","LN","0.00","0.00","0.00","0.00","896534.31","0.00","0.00","0.00","0.00","0.00","0.00","0.00","0.00","-1172367.82","-1172367.82","25087180.55","0.00","0.00","0.00","0.00","0.00"
"1880","329058","1050202","000104460000073","1","1/31/2026","896534.31","0.00","0.00","0.00","0.00","21417000.00","896534.31","LN","0.00","0.00","0.00","0.00","896534.31","0.00","0.00","0.00","0.00","0.00","0.00","0.00","0.00","-1172367.82","-1172367.82","25087180.55","0.00","0.00","0.00","0.00","0.00"
"1881","332872","1050202","000104460000073","1","2/28/2026","896534.31","0.00","0.00","0.00","0.00","21417000.00","896534.31","LN","0.00","0.00","0.00","0.00","896534.31","0.00","0.00","0.00","0.00","0.00","0.00","0.00","0.00","-1172367.82","-1172367.82","25087180.55","0.00","0.00","0.00","0.00","0.00"
"1882","336671","1050202","000104460000073","1","3/31/2026","896534.31","0.00","0.00","0.00","0.00","21417000.00","896534.31","LN","0.00","0.00","0.00","0.00","896534.31","0.00","0.00","0.00","0.00","0.00","0.00","0.00","0.00","-1172367.82","-1172367.82","25087180.55","0.00","0.00","0.00","0.00","0.00"
"1883","340451","1050202","000104460000073","1","4/30/2026","896534.31","0.00","0.00","0.00","0.00","21417000.00","896534.31","LN","0.00","0.00","0.00","0.00","896534.31","0.00","0.00","0.00","0.00","0.00","0.00","0.00","0.00","-1172367.82","-1172367.82","25087180.55","0.00","0.00","0.00","0.00","0.00"
"1884","344231","1050202","000104460000073","1","5/31/2026","896534.31","0.00","0.00","0.00","0.00","21417000.00","896534.31","LN","0.00","0.00","0.00","0.00","896534.31","0.00","0.00","0.00","0.00","0.00","0.00","0.00","0.00","-1172367.82","-1172367.82","25087180.55","0.00","0.00","0.00","0.00","0.00"
"1885","348011","1050202","000104460000073","1","6/30/2026","896534.31","0.00","0.00","0.00","0.00","21417000.00","896534.31","LN","0.00","0.00","0.00","0.00","896534.31","0.00","0.00","0.00","0.00","0.00","0.00","0.00","0.00","-1172367.82","-1172367.82","25087180.55","0.00","0.00","0.00","0.00","0.00"
"1886","351775","1050202","000104460000073","1","7/31/2026","896534.31","0.00","0.00","0.00","0.00","21417000.00","896534.31","LN","0.00","0.00","0.00","0.00","896534.31","0.00","0.00","0.00","0.00","0.00","0.00","0.00","0.00","-1172367.82","-1172367.82","25087180.55","0.00","0.00","0.00","0.00","0.00"
"1887","355541","1050202","000104460000073","1","8/31/2026","896534.31","0.00","0.00","0.00","0.00","21417000.00","896534.31","LN","0.00","0.00","0.00","0.00","896534.31","0.00","0.00","0.00","0.00","0.00","0.00","0.00","0.00","-1172367.82","-1172367.82","25087180.55","0.00","0.00","0.00","0.00","0.00"
"1888","256656","1050202","000104460000075","1","7/31/2024","-272736464.79","0.00","-272736464.79","0.00","0.00","250000000.00","-272736464.79","LN","0.00","0.00","0.00","0.00","-272736464.79","0.00","-272736464.79","0.00","0.00","0.00","0.00","0.00","0.00","0.00","0.00","0.00","0.00","0.00","0.00","0.00","0.00"
"1889","256657","1050202","000104460000075","1","8/31/2024","-198432777.92","76599092.71","-2295405.84","0.00","0.00","250000000.00","-198432777.92","LN","0.00","0.00","0.00","0.00","-198432777.92","76599092.71","-2295405.84","0.00","0.00","0.00","0.00","0.00","0.00","0.00","0.00","0.00","0.00","0.00","0.00","0.00","0.00"
"1890","256658","1050202","000104460000075","1","9/30/2024","-200063732.26","0.00","-1630954.34","0.00","0.00","250000000.00","-200063732.26","LN","0.00","0.00","0.00","0.00","-200063732.26","0.00","-1630954.34","0.00","0.00","0.00","0.00","0.00","0.00","0.00","0.00","0.00","0.00","0.00","0.00","0.00","0.00"
"1891","256659","1050202","000104460000075","1","10/31/2024","-201762903.68","0.00","-1699171.42","0.00","0.00","250000000.00","-201762903.68","LN","0.00","0.00","0.00","0.00","-201762903.68","0.00","-1699171.42","0.00","0.00","0.00","0.00","0.00","0.00","0.00","0.00","0.00","0.00","0.00","0.00","0.00","0.00"
"1892","256660","1050202","000104460000075","1","11/30/2024","-203421228.98","0.00","-1658325.30","0.00","0.00","250000000.00","-203421228.98","LN","0.00","0.00","0.00","0.00","-203421228.98","0.00","-1658325.30","0.00","0.00","0.00","0.00","0.00","0.00","0.00","0.00","0.00","0.00","0.00","0.00","0.00","0.00"
"1893","256661","1050202","000104460000075","1","12/31/2024","-205148916.02","0.00","-1727687.04","0.00","0.00","250000000.00","-205148916.02","LN","0.00","0.00","0.00","0.00","-205148916.02","0.00","-1727687.04","0.00","0.00","0.00","0.00","0.00","0.00","0.00","0.00","0.00","0.00","0.00","0.00","0.00","0.00"
"1894","256662","1050202","000104460000075","1","1/31/2025","-206947481.78","0.00","-1798565.76","0.00","0.00","250000000.00","-206947481.78","LN","0.00","0.00","0.00","0.00","-206947481.78","0.00","-1798565.76","0.00","0.00","0.00","0.00","0.00","0.00","0.00","0.00","0.00","0.00","0.00","0.00","0.00","0.00"
"1895","256663","1050202","000104460000075","1","2/28/2025","-208535024.10","0.00","-1587542.32","0.00","0.00","250000000.00","-208535024.10","LN","0.00","0.00","0.00","0.00","-208535024.10","0.00","-1587542.32","0.00","0.00","0.00","0.00","0.00","0.00","0.00","0.00","0.00","0.00","0.00","0.00","0.00","0.00"
"1896","256664","1050202","000104460000075","1","3/31/2025","-210363276.26","0.00","-1828252.16","0.00","0.00","250000000.00","-210363276.26","LN","0.00","0.00","0.00","0.00","-210363276.26","0.00","-1828252.16","0.00","0.00","0.00","0.00","0.00","0.00","0.00","0.00","0.00","0.00","0.00","0.00","0.00","0.00"
"1897","256665","1050202","000104460000075","1","4/30/2025","-212092289.36","0.00","-1729013.10","0.00","0.00","250000000.00","-212092289.36","LN","0.00","0.00","0.00","0.00","-212092289.36","0.00","-1729013.10","0.00","0.00","0.00","0.00","0.00","0.00","0.00","0.00","0.00","0.00","0.00","0.00","0.00","0.00"
"1898","256666","1050202","000104460000075","1","5/31/2025","-213893621.24","0.00","-1801331.88","0.00","0.00","250000000.00","-213893621.24","LN","0.00","0.00","0.00","0.00","-213893621.24","0.00","-1801331.88","0.00","0.00","0.00","0.00","0.00","0.00","0.00","0.00","0.00","0.00","0.00","0.00","0.00","0.00"
"1899","256667","1050202","000104460000075","1","6/30/2025","-215651650.94","0.00","-1758029.70","0.00","0.00","250000000.00","-215651650.94","LN","0.00","0.00","0.00","0.00","-215651650.94","0.00","-1758029.70","0.00","0.00","0.00","0.00","0.00","0.00","0.00","0.00","0.00","0.00","0.00","0.00","0.00","0.00"
"1900","256668","1050202","000104460000075","1","7/31/2025","-217483212.78","0.00","-1831561.84","0.00","0.00","250000000.00","-217483212.78","LN","0.00","0.00","0.00","0.00","-217483212.78","0.00","-1831561.84","0.00","0.00","0.00","0.00","0.00","0.00","0.00","0.00","0.00","0.00","0.00","0.00","0.00","0.00"
"1901","260880","1050202","000104460000075","1","8/31/2025","-219328326.86","0.00","-1845114.08","0.00","0.00","250000000.00","-219328326.86","LN","0.00","0.00","0.00","0.00","-219328326.86","0.00","-1845114.08","0.00","0.00","0.00","0.00","0.00","0.00","-19591736.20","-19591736.20","76599092.71","0.00","0.00","0.00","0.00","0.00"
"1902","268474","1050202","000104460000075","1","9/30/2025","-221131025.36","0.00","-1802698.50","0.00","0.00","250000000.00","-221131025.36","LN","0.00","0.00","0.00","0.00","-221131025.36","0.00","-1802698.50","0.00","0.00","0.00","0.00","0.00","0.00","-19591736.20","-19591736.20","76599092.71","0.00","0.00","0.00","0.00","0.00"
"1903","289074","1050202","000104460000075","1","10/31/2025","-223009124.40","0.00","-1878099.04","0.00","0.00","250000000.00","-223009124.40","LN","0.00","0.00","0.00","0.00","-223009124.40","0.00","-1878099.04","0.00","0.00","0.00","0.00","0.00","0.00","-19591736.20","-19591736.20","76599092.71","0.00","0.00","0.00","0.00","0.00"
"1904","292868","1050202","000104460000075","1","11/30/2025","-224842076.10","0.00","-1832951.70","0.00","0.00","250000000.00","-224842076.10","LN","0.00","0.00","0.00","0.00","-224842076.10","0.00","-1832951.70","0.00","0.00","0.00","0.00","0.00","0.00","-19591736.20","-19591736.20","76599092.71","0.00","0.00","0.00","0.00","0.00"
"1905","325261","1050202","000104460000075","1","12/31/2025","-123319980.57","103008391.00","-1486295.47","0.00","0.00","250000000.00","-123319980.57","LN","0.00","0.00","0.00","0.00","-123319980.57","103008391.00","-1486295.47","0.00","0.00","0.00","0.00","0.00","0.00","-19591736.20","-19591736.20","76599092.71","0.00","0.00","0.00","0.00","0.00"
"1906","329059","1050202","000104460000075","1","1/31/2026","-124367355.87","0.00","-1047375.30","0.00","0.00","250000000.00","-124367355.87","LN","0.00","0.00","0.00","0.00","-124367355.87","0.00","-1047375.30","0.00","0.00","0.00","0.00","0.00","0.00","-19591736.20","-19591736.20","76599092.71","0.00","0.00","0.00","0.00","0.00"
"1907","332873","1050202","000104460000075","1","2/28/2026","-125321406.87","0.00","-954051.00","0.00","0.00","250000000.00","-125321406.87","LN","0.00","0.00","0.00","0.00","-125321406.87","0.00","-954051.00","0.00","0.00","0.00","0.00","0.00","0.00","-19591736.20","-19591736.20","76599092.71","0.00","0.00","0.00","0.00","0.00"
"1908","336672","1050202","000104460000075","1","3/31/2026","-126385780.40","0.00","-1064373.53","0.00","0.00","250000000.00","-126385780.40","LN","0.00","0.00","0.00","0.00","-126385780.40","0.00","-1064373.53","0.00","0.00","0.00","0.00","0.00","0.00","-19591736.20","-19591736.20","76599092.71","0.00","0.00","0.00","0.00","0.00"
"1909","340452","1050202","000104460000075","1","4/30/2026","-127424567.60","0.00","-1038787.20","0.00","0.00","250000000.00","-127424567.60","LN","0.00","0.00","0.00","0.00","-127424567.60","0.00","-1038787.20","0.00","0.00","0.00","0.00","0.00","0.00","-19591736.20","-19591736.20","76599092.71","0.00","0.00","0.00","0.00","0.00"
"1910","344232","1050202","000104460000075","1","5/31/2026","-128506803.64","0.00","-1082236.04","0.00","0.00","250000000.00","-128506803.64","LN","0.00","0.00","0.00","0.00","-128506803.64","0.00","-1082236.04","0.00","0.00","0.00","0.00","0.00","0.00","-19591736.20","-19591736.20","76599092.71","0.00","0.00","0.00","0.00","0.00"
"1911","348012","1050202","000104460000075","1","6/30/2026","-129563023.84","0.00","-1056220.20","0.00","0.00","250000000.00","-129563023.84","LN","0.00","0.00","0.00","0.00","-129563023.84","0.00","-1056220.20","0.00","0.00","0.00","0.00","0.00","0.00","-19591736.20","-19591736.20","76599092.71","0.00","0.00","0.00","0.00","0.00"
"1912","351776","1050202","000104460000075","1","7/31/2026","-130663422.16","0.00","-1100398.32","0.00","0.00","250000000.00","-130663422.16","LN","0.00","0.00","0.00","0.00","-130663422.16","0.00","-1100398.32","0.00","0.00","0.00","0.00","0.00","0.00","-19591736.20","-19591736.20","76599092.71","0.00","0.00","0.00","0.00","0.00"
"1913","355542","1050202","000104460000075","1","8/31/2026","-131773166.36","0.00","-1109744.20","0.00","0.00","250000000.00","-131773166.36","LN","0.00","0.00","0.00","0.00","-131773166.36","0.00","-1109744.20","0.00","0.00","0.00","0.00","0.00","0.00","-19591736.20","-19591736.20","76599092.71","0.00","0.00","0.00","0.00","0.00"
"1914","256669","1050202","000104460000078","1","7/31/2024","-23735097.90","0.00","-23735097.90","0.00","0.00","22000000.00","-23735097.90","LN","0.00","0.00","0.00","0.00","-23735097.90","0.00","-23735097.90","0.00","0.00","0.00","0.00","0.00","0.00","0.00","0.00","0.00","0.00","0.00","0.00","0.00","0.00"
"1915","256670","1050202","000104460000078","1","8/31/2024","-23936683.66","0.00","-201585.76","0.00","0.00","22000000.00","-23936683.66","LN","0.00","0.00","0.00","0.00","-23936683.66","0.00","-201585.76","0.00","0.00","0.00","0.00","0.00","0.00","0.00","0.00","0.00","0.00","0.00","0.00","0.00","0.00"
"1916","256671","1050202","000104460000078","1","9/30/2024","-24133423.53","0.00","-196739.87","0.00","0.00","22000000.00","-24133423.53","LN","0.00","0.00","0.00","0.00","-24133423.53","0.00","-196739.87","0.00","0.00","0.00","0.00","0.00","0.00","0.00","0.00","0.00","0.00","0.00","0.00","0.00","0.00"
"1917","256672","1050202","000104460000078","1","10/31/2024","-24338392.33","0.00","-204968.80","0.00","0.00","22000000.00","-24338392.33","LN","0.00","0.00","0.00","0.00","-24338392.33","0.00","-204968.80","0.00","0.00","0.00","0.00","0.00","0.00","0.00","0.00","0.00","0.00","0.00","0.00","0.00","0.00"
"1918","256673","1050202","000104460000078","1","11/30/2024","-24538433.83","0.00","-200041.50","0.00","0.00","22000000.00","-24538433.83","LN","0.00","0.00","0.00","0.00","-24538433.83","0.00","-200041.50","0.00","0.00","0.00","0.00","0.00","0.00","0.00","0.00","0.00","0.00","0.00","0.00","0.00","0.00"
"1919","256674","1050202","000104460000078","1","12/31/2024","-24746842.49","0.00","-208408.66","0.00","0.00","22000000.00","-24746842.49","LN","0.00","0.00","0.00","0.00","-24746842.49","0.00","-208408.66","0.00","0.00","0.00","0.00","0.00","0.00","0.00","0.00","0.00","0.00","0.00","0.00","0.00","0.00"
"1920","256675","1050202","000104460000078","1","1/31/2025","-24963801.21","0.00","-216958.72","0.00","0.00","22000000.00","-24963801.21","LN","0.00","0.00","0.00","0.00","-24963801.21","0.00","-216958.72","0.00","0.00","0.00","0.00","0.00","0.00","0.00","0.00","0.00","0.00","0.00","0.00","0.00","0.00"
"1921","256676","1050202","000104460000078","1","2/28/2025","-25155304.41","0.00","-191503.20","0.00","0.00","22000000.00","-25155304.41","LN","0.00","0.00","0.00","0.00","-25155304.41","0.00","-191503.20","0.00","0.00","0.00","0.00","0.00","0.00","0.00","0.00","0.00","0.00","0.00","0.00","0.00","0.00"
"1922","256677","1050202","000104460000078","1","3/31/2025","-25375843.93","0.00","-220539.52","0.00","0.00","22000000.00","-25375843.93","LN","0.00","0.00","0.00","0.00","-25375843.93","0.00","-220539.52","0.00","0.00","0.00","0.00","0.00","0.00","0.00","0.00","0.00","0.00","0.00","0.00","0.00","0.00"
"1923","256678","1050202","000104460000078","1","4/30/2025","-25584412.63","0.00","-208568.70","0.00","0.00","22000000.00","-25584412.63","LN","0.00","0.00","0.00","0.00","-25584412.63","0.00","-208568.70","0.00","0.00","0.00","0.00","0.00","0.00","0.00","0.00","0.00","0.00","0.00","0.00","0.00","0.00"
"1924","256679","1050202","000104460000078","1","5/31/2025","-25801704.96","0.00","-217292.33","0.00","0.00","22000000.00","-25801704.96","LN","0.00","0.00","0.00","0.00","-25801704.96","0.00","-217292.33","0.00","0.00","0.00","0.00","0.00","0.00","0.00","0.00","0.00","0.00","0.00","0.00","0.00","0.00"
"1925","256680","1050202","000104460000078","1","6/30/2025","-26013773.76","0.00","-212068.80","0.00","0.00","22000000.00","-26013773.76","LN","0.00","0.00","0.00","0.00","-26013773.76","0.00","-212068.80","0.00","0.00","0.00","0.00","0.00","0.00","0.00","0.00","0.00","0.00","0.00","0.00","0.00","0.00"
"1926","256681","1050202","000104460000078","1","7/31/2025","-26234712.62","0.00","-220938.86","0.00","0.00","22000000.00","-26234712.62","LN","0.00","0.00","0.00","0.00","-26234712.62","0.00","-220938.86","0.00","0.00","0.00","0.00","0.00","0.00","0.00","0.00","0.00","0.00","0.00","0.00","0.00","0.00"
"1927","260881","1050202","000104460000078","1","8/31/2025","-26457286.23","0.00","-222573.61","0.00","0.00","22000000.00","-26457286.23","LN","0.00","0.00","0.00","0.00","-26457286.23","0.00","-222573.61","0.00","0.00","0.00","0.00","0.00","0.00","-2172333.09","-2172333.09","0.00","0.00","0.00","0.00","0.00","0.00"
"1928","268475","1050202","000104460000078","1","9/30/2025","-26674743.33","0.00","-217457.10","0.00","0.00","22000000.00","-26674743.33","LN","0.00","0.00","0.00","0.00","-26674743.33","0.00","-217457.10","0.00","0.00","0.00","0.00","0.00","0.00","-2172333.09","-2172333.09","0.00","0.00","0.00","0.00","0.00","0.00"
"1929","289075","1050202","000104460000078","1","10/31/2025","-26901295.98","0.00","-226552.65","0.00","0.00","22000000.00","-26901295.98","LN","0.00","0.00","0.00","0.00","-26901295.98","0.00","-226552.65","0.00","0.00","0.00","0.00","0.00","0.00","-2172333.09","-2172333.09","0.00","0.00","0.00","0.00","0.00","0.00"
"1930","292869","1050202","000104460000078","1","11/30/2025","-27122402.58","0.00","-221106.60","0.00","0.00","22000000.00","-27122402.58","LN","0.00","0.00","0.00","0.00","-27122402.58","0.00","-221106.60","0.00","0.00","0.00","0.00","0.00","0.00","-2172333.09","-2172333.09","0.00","0.00","0.00","0.00","0.00","0.00"
"1931","325262","1050202","000104460000078","1","12/31/2025","-27122402.58","0.00","0.00","0.00","0.00","22000000.00","-27122402.58","LN","0.00","0.00","0.00","0.00","-27122402.58","0.00","0.00","0.00","0.00","0.00","0.00","0.00","0.00","-2172333.09","-2172333.09","0.00","0.00","0.00","0.00","0.00","0.00"
"1932","329060","1050202","000104460000078","1","1/31/2026","-27122402.58","0.00","0.00","0.00","0.00","22000000.00","-27122402.58","LN","0.00","0.00","0.00","0.00","-27122402.58","0.00","0.00","0.00","0.00","0.00","0.00","0.00","0.00","-2172333.09","-2172333.09","0.00","0.00","0.00","0.00","0.00","0.00"
"1933","332874","1050202","000104460000078","1","2/28/2026","-27122402.58","0.00","0.00","0.00","0.00","22000000.00","-27122402.58","LN","0.00","0.00","0.00","0.00","-27122402.58","0.00","0.00","0.00","0.00","0.00","0.00","0.00","0.00","-2172333.09","-2172333.09","0.00","0.00","0.00","0.00","0.00","0.00"
"1934","336673","1050202","000104460000078","1","3/31/2026","-27122402.58","0.00","0.00","0.00","0.00","22000000.00","-27122402.58","LN","0.00","0.00","0.00","0.00","-27122402.58","0.00","0.00","0.00","0.00","0.00","0.00","0.00","0.00","-2172333.09","-2172333.09","0.00","0.00","0.00","0.00","0.00","0.00"
"1935","340453","1050202","000104460000078","1","4/30/2026","-27122402.58","0.00","0.00","0.00","0.00","22000000.00","-27122402.58","LN","0.00","0.00","0.00","0.00","-27122402.58","0.00","0.00","0.00","0.00","0.00","0.00","0.00","0.00","-2172333.09","-2172333.09","0.00","0.00","0.00","0.00","0.00","0.00"
"1936","344233","1050202","000104460000078","1","5/31/2026","-27122402.58","0.00","0.00","0.00","0.00","22000000.00","-27122402.58","LN","0.00","0.00","0.00","0.00","-27122402.58","0.00","0.00","0.00","0.00","0.00","0.00","0.00","0.00","-2172333.09","-2172333.09","0.00","0.00","0.00","0.00","0.00","0.00"
"1937","348013","1050202","000104460000078","1","6/30/2026","-27122402.58","0.00","0.00","0.00","0.00","22000000.00","-27122402.58","LN","0.00","0.00","0.00","0.00","-27122402.58","0.00","0.00","0.00","0.00","0.00","0.00","0.00","0.00","-2172333.09","-2172333.09","0.00","0.00","0.00","0.00","0.00","0.00"
"1938","351777","1050202","000104460000078","1","7/31/2026","-27122402.58","0.00","0.00","0.00","0.00","22000000.00","-27122402.58","LN","0.00","0.00","0.00","0.00","-27122402.58","0.00","0.00","0.00","0.00","0.00","0.00","0.00","0.00","-2172333.09","-2172333.09","0.00","0.00","0.00","0.00","0.00","0.00"
"1939","355543","1050202","000104460000078","1","8/31/2026","-27122402.58","0.00","0.00","0.00","0.00","22000000.00","-27122402.58","LN","0.00","0.00","0.00","0.00","-27122402.58","0.00","0.00","0.00","0.00","0.00","0.00","0.00","0.00","-2172333.09","-2172333.09","0.00","0.00","0.00","0.00","0.00","0.00"
"1940","256682","1050202","000104460000079","1","7/31/2024","-145703941.51","15995105.80","-161699047.31","0.00","0.00","150000000.00","-145703941.51","LN","0.00","0.00","0.00","0.00","-145703941.51","15995105.80","-161699047.31","0.00","0.00","0.00","0.00","0.00","0.00","0.00","0.00","0.00","0.00","0.00","0.00","0.00","0.00"
"1941","256683","1050202","000104460000079","1","8/31/2024","-138410246.13","8495105.80","-1201410.42","0.00","0.00","150000000.00","-138410246.13","LN","0.00","0.00","0.00","0.00","-138410246.13","8495105.80","-1201410.42","0.00","0.00","0.00","0.00","0.00","0.00","0.00","0.00","0.00","0.00","0.00","0.00","0.00","0.00"
"1942","256684","1050202","000104460000079","1","9/30/2024","-139547864.59","0.00","-1137618.46","0.00","0.00","150000000.00","-139547864.59","LN","0.00","0.00","0.00","0.00","-139547864.59","0.00","-1137618.46","0.00","0.00","0.00","0.00","0.00","0.00","0.00","0.00","0.00","0.00","0.00","0.00","0.00","0.00"
"1943","256685","1050202","000104460000079","1","10/31/2024","-136451765.05","4247552.90","-1151453.36","0.00","0.00","150000000.00","-136451765.05","LN","0.00","0.00","0.00","0.00","-136451765.05","4247552.90","-1151453.36","0.00","0.00","0.00","0.00","0.00","0.00","0.00","0.00","0.00","0.00","0.00","0.00","0.00","0.00"
"1944","256686","1050202","000104460000079","1","11/30/2024","-133324599.94","4247522.90","-1120357.79","0.00","0.00","150000000.00","-133324599.94","LN","0.00","0.00","0.00","0.00","-133324599.94","4247522.90","-1120357.79","0.00","0.00","0.00","0.00","0.00","0.00","0.00","0.00","0.00","0.00","0.00","0.00","0.00","0.00"
"1945","256687","1050202","000104460000079","1","12/31/2024","-130198919.55","4247552.90","-1121872.51","0.00","0.00","150000000.00","-130198919.55","LN","0.00","0.00","0.00","0.00","-130198919.55","4247552.90","-1121872.51","0.00","0.00","0.00","0.00","0.00","0.00","0.00","0.00","0.00","0.00","0.00","0.00","0.00","0.00"
"1946","256688","1050202","000104460000079","1","1/31/2025","-126567545.90","4771536.46","-1140162.81","0.00","0.00","150000000.00","-126567545.90","LN","0.00","0.00","0.00","0.00","-126567545.90","4771536.46","-1140162.81","0.00","0.00","0.00","0.00","0.00","0.00","0.00","0.00","0.00","0.00","0.00","0.00","0.00","0.00"
"1947","256689","1050202","000104460000079","1","2/28/2025","-122752558.59","9543072.92","-5728085.61","0.00","0.00","150000000.00","-122752558.59","LN","0.00","0.00","0.00","0.00","-122752558.59","9543072.92","-5728085.61","0.00","0.00","0.00","0.00","0.00","0.00","0.00","0.00","0.00","0.00","0.00","0.00","0.00","0.00"
"1948","256690","1050202","000104460000079","1","3/31/2025","-119042829.04","4771536.46","-1061806.91","0.00","0.00","150000000.00","-119042829.04","LN","0.00","0.00","0.00","0.00","-119042829.04","4771536.46","-1061806.91","0.00","0.00","0.00","0.00","0.00","0.00","0.00","0.00","0.00","0.00","0.00","0.00","0.00","0.00"
"1949","256691","1050202","000104460000079","1","4/30/2025","-115239268.52","4771536.46","-967975.94","0.00","0.00","150000000.00","-115239268.52","LN","0.00","0.00","0.00","0.00","-115239268.52","4771536.46","-967975.94","0.00","0.00","0.00","0.00","0.00","0.00","0.00","0.00","0.00","0.00","0.00","0.00","0.00","0.00"
"1950","256692","1050202","000104460000079","1","5/31/2025","-111429481.95","4771536.46","-961749.89","0.00","0.00","150000000.00","-111429481.95","LN","0.00","0.00","0.00","0.00","-111429481.95","4771536.46","-961749.89","0.00","0.00","0.00","0.00","0.00","0.00","0.00","0.00","0.00","0.00","0.00","0.00","0.00","0.00"
"1951","256693","1050202","000104460000079","1","6/30/2025","-107568575.27","4771536.46","-910629.78","0.00","0.00","150000000.00","-107568575.27","LN","0.00","0.00","0.00","0.00","-107568575.27","4771536.46","-910629.78","0.00","0.00","0.00","0.00","0.00","0.00","0.00","0.00","0.00","0.00","0.00","0.00","0.00","0.00"
"1952","256694","1050202","000104460000079","1","7/31/2025","-103700176.69","4771536.46","-903137.88","0.00","0.00","150000000.00","-103700176.69","LN","0.00","0.00","0.00","0.00","-103700176.69","4771536.46","-903137.88","0.00","0.00","0.00","0.00","0.00","0.00","0.00","0.00","0.00","0.00","0.00","0.00","0.00","0.00"
"1953","260882","1050202","000104460000079","1","8/31/2025","-98701557.17","5874978.01","-876358.49","0.00","0.00","150000000.00","-98701557.17","LN","0.00","0.00","0.00","0.00","-98701557.17","5874978.01","-876358.49","0.00","0.00","0.00","0.00","0.00","0.00","-12754278.26","-12754278.26","70633595.52","0.00","0.00","0.00","0.00","0.00"
"1954","268476","1050202","000104460000079","1","9/30/2025","-94713813.64","4771536.46","-783792.93","0.00","0.00","150000000.00","-94713813.64","LN","0.00","0.00","0.00","0.00","-94713813.64","4771536.46","-783792.93","0.00","0.00","0.00","0.00","0.00","0.00","-12754278.26","-12754278.26","70633595.52","0.00","0.00","0.00","0.00","0.00"
"1955","289076","1050202","000104460000079","1","10/31/2025","-90742774.06","4771536.46","-800496.88","0.00","0.00","150000000.00","-90742774.06","LN","0.00","0.00","0.00","0.00","-90742774.06","4771536.46","-800496.88","0.00","0.00","0.00","0.00","0.00","0.00","-12754278.26","-12754278.26","70633595.52","0.00","0.00","0.00","0.00","0.00"
"1956","292870","1050202","000104460000079","1","11/30/2025","-86690923.10","4771536.46","-719685.50","0.00","0.00","150000000.00","-86690923.10","LN","0.00","0.00","0.00","0.00","-86690923.10","4771536.46","-719685.50","0.00","0.00","0.00","0.00","0.00","0.00","-12754278.26","-12754278.26","70633595.52","0.00","0.00","0.00","0.00","0.00"
"1957","325263","1050202","000104460000079","1","12/31/2025","-82629520.38","4771536.46","-710133.74","0.00","0.00","150000000.00","-82629520.38","LN","0.00","0.00","0.00","0.00","-82629520.38","4771536.46","-710133.74","0.00","0.00","0.00","0.00","0.00","0.00","-12754278.26","-12754278.26","70633595.52","0.00","0.00","0.00","0.00","0.00"
"1958","329061","1050202","000104460000079","1","1/31/2026","-78533623.34","4771536.46","-675639.42","0.00","0.00","150000000.00","-78533623.34","LN","0.00","0.00","0.00","0.00","-78533623.34","4771536.46","-675639.42","0.00","0.00","0.00","0.00","0.00","0.00","-12754278.26","-12754278.26","70633595.52","0.00","0.00","0.00","0.00","0.00"
"1959","332875","1050202","000104460000079","1","2/28/2026","-74350156.59","4771536.46","-588069.71","0.00","0.00","150000000.00","-74350156.59","LN","0.00","0.00","0.00","0.00","-74350156.59","4771536.46","-588069.71","0.00","0.00","0.00","0.00","0.00","0.00","-12754278.26","-12754278.26","70633595.52","0.00","0.00","0.00","0.00","0.00"
"1960","336674","1050202","000104460000079","1","3/31/2026","-70208780.07","4771536.46","-630159.94","0.00","0.00","150000000.00","-70208780.07","LN","0.00","0.00","0.00","0.00","-70208780.07","4771536.46","-630159.94","0.00","0.00","0.00","0.00","0.00","0.00","-12754278.26","-12754278.26","70633595.52","0.00","0.00","0.00","0.00","0.00"
"1961","340454","1050202","000104460000079","1","4/30/2026","-65992078.42","4771536.46","-554834.81","0.00","0.00","150000000.00","-65992078.42","LN","0.00","0.00","0.00","0.00","-65992078.42","4771536.46","-554834.81","0.00","0.00","0.00","0.00","0.00","0.00","-12754278.26","-12754278.26","70633595.52","0.00","0.00","0.00","0.00","0.00"
"1962","344234","1050202","000104460000079","1","5/31/2026","-61765335.34","4771536.46","-544793.38","0.00","0.00","150000000.00","-61765335.34","LN","0.00","0.00","0.00","0.00","-61765335.34","4771536.46","-544793.38","0.00","0.00","0.00","0.00","0.00","0.00","-12754278.26","-12754278.26","70633595.52","0.00","0.00","0.00","0.00","0.00"
"1963","348014","1050202","000104460000079","1","6/30/2026","-57485771.94","4771536.46","-491973.06","0.00","0.00","150000000.00","-57485771.94","LN","0.00","0.00","0.00","0.00","-57485771.94","4771536.46","-491973.06","0.00","0.00","0.00","0.00","0.00","0.00","-12754278.26","-12754278.26","70633595.52","0.00","0.00","0.00","0.00","0.00"
"1964","351778","1050202","000104460000079","1","7/31/2026","-53172403.70","4771536.46","-458168.22","0.00","0.00","150000000.00","-53172403.70","LN","0.00","0.00","0.00","0.00","-53172403.70","4771536.46","-458168.22","0.00","0.00","0.00","0.00","0.00","0.00","-12754278.26","-12754278.26","70633595.52","0.00","0.00","0.00","0.00","0.00"
"1965","355544","1050202","000104460000079","1","8/31/2026","-48836781.18","4771536.46","-435913.94","0.00","0.00","150000000.00","-48836781.18","LN","0.00","0.00","0.00","0.00","-48836781.18","4771536.46","-435913.94","0.00","0.00","0.00","0.00","0.00","0.00","-12754278.26","-12754278.26","70633595.52","0.00","0.00","0.00","0.00","0.00"
"1966","256695","1050202","000104460000080","1","7/31/2024","-113759237.85","15600000.00","-129359237.85","0.00","0.00","120000000.00","-113759237.85","LN","0.00","0.00","0.00","0.00","-113759237.85","15600000.00","-129359237.85","0.00","0.00","0.00","0.00","0.00","0.00","0.00","0.00","0.00","0.00","0.00","0.00","0.00","0.00"
"1967","256696","1050202","000104460000080","1","8/31/2024","-114745795.76","0.00","-986557.91","0.00","0.00","120000000.00","-114745795.76","LN","0.00","0.00","0.00","0.00","-114745795.76","0.00","-986557.91","0.00","0.00","0.00","0.00","0.00","0.00","0.00","0.00","0.00","0.00","0.00","0.00","0.00","0.00"
"1968","256697","1050202","000104460000080","1","9/30/2024","-108852747.51","6800000.00","-906951.75","0.00","0.00","120000000.00","-108852747.51","LN","0.00","0.00","0.00","0.00","-108852747.51","6800000.00","-906951.75","0.00","0.00","0.00","0.00","0.00","0.00","0.00","0.00","0.00","0.00","0.00","0.00","0.00","0.00"
"1969","256698","1050202","000104460000080","1","10/31/2024","-106376318.79","3400000.00","-923571.28","0.00","0.00","120000000.00","-106376318.79","LN","0.00","0.00","0.00","0.00","-106376318.79","3400000.00","-923571.28","0.00","0.00","0.00","0.00","0.00","0.00","0.00","0.00","0.00","0.00","0.00","0.00","0.00","0.00"
"1970","256699","1050202","000104460000080","1","11/30/2024","-107250644.79","0.00","-874326.00","0.00","0.00","120000000.00","-107250644.79","LN","0.00","0.00","0.00","0.00","-107250644.79","0.00","-874326.00","0.00","0.00","0.00","0.00","0.00","0.00","0.00","0.00","0.00","0.00","0.00","0.00","0.00","0.00"
"1971","256700","1050202","000104460000080","1","12/31/2024","-101333595.43","6800000.00","-882950.64","0.00","0.00","120000000.00","-101333595.43","LN","0.00","0.00","0.00","0.00","-101333595.43","6800000.00","-882950.64","0.00","0.00","0.00","0.00","0.00","0.00","0.00","0.00","0.00","0.00","0.00","0.00","0.00","0.00"
"1972","256701","1050202","000104460000080","1","1/31/2025","-98821068.08","3400000.00","-887472.65","0.00","0.00","120000000.00","-98821068.08","LN","0.00","0.00","0.00","0.00","-98821068.08","3400000.00","-887472.65","0.00","0.00","0.00","0.00","0.00","0.00","0.00","0.00","0.00","0.00","0.00","0.00","0.00","0.00"
"1973","256702","1050202","000104460000080","1","2/28/2025","-99579147.64","0.00","-758079.56","0.00","0.00","120000000.00","-99579147.64","LN","0.00","0.00","0.00","0.00","-99579147.64","0.00","-758079.56","0.00","0.00","0.00","0.00","0.00","0.00","0.00","0.00","0.00","0.00","0.00","0.00","0.00","0.00"
"1974","256703","1050202","000104460000080","1","3/31/2025","-97041923.75","3400000.00","-862776.11","0.00","0.00","120000000.00","-97041923.75","LN","0.00","0.00","0.00","0.00","-97041923.75","3400000.00","-862776.11","0.00","0.00","0.00","0.00","0.00","0.00","0.00","0.00","0.00","0.00","0.00","0.00","0.00","0.00"
"1975","256704","1050202","000104460000080","1","4/30/2025","-91031145.06","6800000.00","-789221.31","0.00","0.00","120000000.00","-91031145.06","LN","0.00","0.00","0.00","0.00","-91031145.06","6800000.00","-789221.31","0.00","0.00","0.00","0.00","0.00","0.00","0.00","0.00","0.00","0.00","0.00","0.00","0.00","0.00"
"1976","256705","1050202","000104460000080","1","5/31/2025","-91804286.30","0.00","-773141.24","0.00","0.00","120000000.00","-91804286.30","LN","0.00","0.00","0.00","0.00","-91804286.30","0.00","-773141.24","0.00","0.00","0.00","0.00","0.00","0.00","0.00","0.00","0.00","0.00","0.00","0.00","0.00","0.00"
"1977","256706","1050202","000104460000080","1","6/30/2025","-92558842.10","0.00","-754555.80","0.00","0.00","120000000.00","-92558842.10","LN","0.00","0.00","0.00","0.00","-92558842.10","0.00","-754555.80","0.00","0.00","0.00","0.00","0.00","0.00","0.00","0.00","0.00","0.00","0.00","0.00","0.00","0.00"
"1978","256707","1050202","000104460000080","1","7/31/2025","-83116081.59","10200000.00","-757239.49","0.00","0.00","120000000.00","-83116081.59","LN","0.00","0.00","0.00","0.00","-83116081.59","10200000.00","-757239.49","0.00","0.00","0.00","0.00","0.00","0.00","0.00","0.00","0.00","0.00","0.00","0.00","0.00","0.00"
"1979","260883","1050202","000104460000080","1","8/31/2025","-83821053.50","0.00","-704971.91","0.00","0.00","120000000.00","-83821053.50","LN","0.00","0.00","0.00","0.00","-83821053.50","0.00","-704971.91","0.00","0.00","0.00","0.00","0.00","0.00","-10159792.80","-10159792.80","56400000.00","0.00","0.00","0.00","0.00","0.00"
"1980","268477","1050202","000104460000080","1","9/30/2025","-81089500.60","3400000.00","-668447.10","0.00","0.00","120000000.00","-81089500.60","LN","0.00","0.00","0.00","0.00","-81089500.60","3400000.00","-668447.10","0.00","0.00","0.00","0.00","0.00","0.00","-10159792.80","-10159792.80","56400000.00","0.00","0.00","0.00","0.00","0.00"
"1981","289077","1050202","000104460000080","1","10/31/2025","-74948397.59","6800000.00","-658896.99","0.00","0.00","120000000.00","-74948397.59","LN","0.00","0.00","0.00","0.00","-74948397.59","6800000.00","-658896.99","0.00","0.00","0.00","0.00","0.00","0.00","-10159792.80","-10159792.80","56400000.00","0.00","0.00","0.00","0.00","0.00"
"1982","292871","1050202","000104460000080","1","11/30/2025","-72161617.36","3400000.00","-613219.77","0.00","0.00","120000000.00","-72161617.36","LN","0.00","0.00","0.00","0.00","-72161617.36","3400000.00","-613219.77","0.00","0.00","0.00","0.00","0.00","0.00","-10159792.80","-10159792.80","56400000.00","0.00","0.00","0.00","0.00","0.00"
"1983","325264","1050202","000104460000080","1","12/31/2025","-72774496.97","0.00","-612879.61","0.00","0.00","120000000.00","-72774496.97","LN","0.00","0.00","0.00","0.00","-72774496.97","0.00","-612879.61","0.00","0.00","0.00","0.00","0.00","0.00","-10159792.80","-10159792.80","56400000.00","0.00","0.00","0.00","0.00","0.00"
"1984","329062","1050202","000104460000080","1","1/31/2026","-66573020.08","6800000.00","-598523.11","0.00","0.00","120000000.00","-66573020.08","LN","0.00","0.00","0.00","0.00","-66573020.08","6800000.00","-598523.11","0.00","0.00","0.00","0.00","0.00","0.00","-10159792.80","-10159792.80","56400000.00","0.00","0.00","0.00","0.00","0.00"
"1985","332876","1050202","000104460000080","1","2/28/2026","-63682785.62","3400000.00","-509765.54","0.00","0.00","120000000.00","-63682785.62","LN","0.00","0.00","0.00","0.00","-63682785.62","3400000.00","-509765.54","0.00","0.00","0.00","0.00","0.00","0.00","-10159792.80","-10159792.80","56400000.00","0.00","0.00","0.00","0.00","0.00"
"1986","336675","1050202","000104460000080","1","3/31/2026","-60822721.65","3400000.00","-539936.03","0.00","0.00","120000000.00","-60822721.65","LN","0.00","0.00","0.00","0.00","-60822721.65","3400000.00","-539936.03","0.00","0.00","0.00","0.00","0.00","0.00","-10159792.80","-10159792.80","56400000.00","0.00","0.00","0.00","0.00","0.00"
"1987","340455","1050202","000104460000080","1","4/30/2026","-57921702.94","3400000.00","-498981.29","0.00","0.00","120000000.00","-57921702.94","LN","0.00","0.00","0.00","0.00","-57921702.94","3400000.00","-498981.29","0.00","0.00","0.00","0.00","0.00","0.00","-10159792.80","-10159792.80","56400000.00","0.00","0.00","0.00","0.00","0.00"
"1988","344235","1050202","000104460000080","1","5/31/2026","-55012709.19","3400000.00","-491006.25","0.00","0.00","120000000.00","-55012709.19","LN","0.00","0.00","0.00","0.00","-55012709.19","3400000.00","-491006.25","0.00","0.00","0.00","0.00","0.00","0.00","-10159792.80","-10159792.80","56400000.00","0.00","0.00","0.00","0.00","0.00"
"1989","348015","1050202","000104460000080","1","6/30/2026","-52063005.57","3400000.00","-450296.38","0.00","0.00","120000000.00","-52063005.57","LN","0.00","0.00","0.00","0.00","-52063005.57","3400000.00","-450296.38","0.00","0.00","0.00","0.00","0.00","0.00","-10159792.80","-10159792.80","56400000.00","0.00","0.00","0.00","0.00","0.00"
"1990","351779","1050202","000104460000080","1","7/31/2026","-49104253.10","3400000.00","-441247.53","0.00","0.00","120000000.00","-49104253.10","LN","0.00","0.00","0.00","0.00","-49104253.10","3400000.00","-441247.53","0.00","0.00","0.00","0.00","0.00","0.00","-10159792.80","-10159792.80","56400000.00","0.00","0.00","0.00","0.00","0.00"
"1991","355545","1050202","000104460000080","1","8/31/2026","-49521302.92","0.00","-417049.82","0.00","0.00","120000000.00","-49521302.92","LN","0.00","0.00","0.00","0.00","-49521302.92","0.00","-417049.82","0.00","0.00","0.00","0.00","0.00","0.00","-10159792.80","-10159792.80","56400000.00","0.00","0.00","0.00","0.00","0.00"
"1992","256708","1050202","000104460000081","1","7/31/2024","-53418531.57","10581433.00","-63999964.57","0.00","0.00","60000000.00","-53418531.57","LN","0.00","0.00","0.00","0.00","-53418531.57","10581433.00","-63999964.57","0.00","0.00","0.00","0.00","0.00","0.00","0.00","0.00","0.00","0.00","0.00","0.00","0.00","0.00"
"1993","256709","1050202","000104460000081","1","8/31/2024","-51772072.25","2087000.00","-440540.68","0.00","0.00","60000000.00","-51772072.25","LN","0.00","0.00","0.00","0.00","-51772072.25","2087000.00","-440540.68","0.00","0.00","0.00","0.00","0.00","0.00","0.00","0.00","0.00","0.00","0.00","0.00","0.00","0.00"
"1994","256710","1050202","000104460000081","1","9/30/2024","-47288006.27","4887000.00","-402934.02","0.00","0.00","60000000.00","-47288006.27","LN","0.00","0.00","0.00","0.00","-47288006.27","4887000.00","-402934.02","0.00","0.00","0.00","0.00","0.00","0.00","0.00","0.00","0.00","0.00","0.00","0.00","0.00","0.00"
"1995","256711","1050202","000104460000081","1","10/31/2024","-45402003.85","2287000.00","-400997.58","0.00","0.00","60000000.00","-45402003.85","LN","0.00","0.00","0.00","0.00","-45402003.85","2287000.00","-400997.58","0.00","0.00","0.00","0.00","0.00","0.00","0.00","0.00","0.00","0.00","0.00","0.00","0.00","0.00"
"1996","256712","1050202","000104460000081","1","11/30/2024","-45775171.15","0.00","-373167.30","0.00","0.00","60000000.00","-45775171.15","LN","0.00","0.00","0.00","0.00","-45775171.15","0.00","-373167.30","0.00","0.00","0.00","0.00","0.00","0.00","0.00","0.00","0.00","0.00","0.00","0.00","0.00","0.00"
"1997","256713","1050202","000104460000081","1","12/31/2024","-46163946.49","0.00","-388775.34","0.00","0.00","60000000.00","-46163946.49","LN","0.00","0.00","0.00","0.00","-46163946.49","0.00","-388775.34","0.00","0.00","0.00","0.00","0.00","0.00","0.00","0.00","0.00","0.00","0.00","0.00","0.00","0.00"
"1998","256714","1050202","000104460000081","1","1/31/2025","-44381072.43","2187000.00","-404125.94","0.00","0.00","60000000.00","-44381072.43","LN","0.00","0.00","0.00","0.00","-44381072.43","2187000.00","-404125.94","0.00","0.00","0.00","0.00","0.00","0.00","0.00","0.00","0.00","0.00","0.00","0.00","0.00","0.00"
"1999","256715","1050202","000104460000081","1","2/28/2025","-42151325.48","2562482.00","-332735.05","0.00","0.00","60000000.00","-42151325.48","LN","0.00","0.00","0.00","0.00","-42151325.48","2562482.00","-332735.05","0.00","0.00","0.00","0.00","0.00","0.00","0.00","0.00","0.00","0.00","0.00","0.00","0.00","0.00"
"2000","256716","1050202","000104460000081","1","3/31/2025","-40429868.94","2087000.00","-365543.46","0.00","0.00","60000000.00","-40429868.94","LN","0.00","0.00","0.00","0.00","-40429868.94","2087000.00","-365543.46","0.00","0.00","0.00","0.00","0.00","0.00","0.00","0.00","0.00","0.00","0.00","0.00","0.00","0.00"
"2001","256717","1050202","000104460000081","1","4/30/2025","-40762169.34","0.00","-332300.40","0.00","0.00","60000000.00","-40762169.34","LN","0.00","0.00","0.00","0.00","-40762169.34","0.00","-332300.40","0.00","0.00","0.00","0.00","0.00","0.00","0.00","0.00","0.00","0.00","0.00","0.00","0.00","0.00"
"2002","256718","1050202","000104460000081","1","5/31/2025","-39017737.62","2087200.00","-342768.28","0.00","0.00","60000000.00","-39017737.62","LN","0.00","0.00","0.00","0.00","-39017737.62","2087200.00","-342768.28","0.00","0.00","0.00","0.00","0.00","0.00","0.00","0.00","0.00","0.00","0.00","0.00","0.00","0.00"
"2003","256719","1050202","000104460000081","1","6/30/2025","-39338431.32","0.00","-320693.70","0.00","0.00","60000000.00","-39338431.32","LN","0.00","0.00","0.00","0.00","-39338431.32","0.00","-320693.70","0.00","0.00","0.00","0.00","0.00","0.00","0.00","0.00","0.00","0.00","0.00","0.00","0.00","0.00"
"2004","256720","1050202","000104460000081","1","7/31/2025","-39672538.47","0.00","-334107.15","0.00","0.00","60000000.00","-39672538.47","LN","0.00","0.00","0.00","0.00","-39672538.47","0.00","-334107.15","0.00","0.00","0.00","0.00","0.00","0.00","0.00","0.00","0.00","0.00","0.00","0.00","0.00","0.00"
"2005","260884","1050202","000104460000081","1","8/31/2025","-37920739.08","2087200.00","-335400.61","0.00","0.00","60000000.00","-37920739.08","LN","0.00","0.00","0.00","0.00","-37920739.08","2087200.00","-335400.61","0.00","0.00","0.00","0.00","0.00","0.00","-4623133.35","-4623133.35","28766115.00","0.00","0.00","0.00","0.00","0.00"
"2006","268478","1050202","000104460000081","1","9/30/2025","-38232416.28","0.00","-311677.20","0.00","0.00","60000000.00","-38232416.28","LN","0.00","0.00","0.00","0.00","-38232416.28","0.00","-311677.20","0.00","0.00","0.00","0.00","0.00","0.00","-4623133.35","-4623133.35","28766115.00","0.00","0.00","0.00","0.00","0.00"
"2007","289078","1050202","000104460000081","1","10/31/2025","-34379298.80","4174400.00","-321282.52","0.00","0.00","60000000.00","-34379298.80","LN","0.00","0.00","0.00","0.00","-34379298.80","4174400.00","-321282.52","0.00","0.00","0.00","0.00","0.00","0.00","-4623133.35","-4623133.35","28766115.00","0.00","0.00","0.00","0.00","0.00"
"2008","292872","1050202","000104460000081","1","11/30/2025","-34661868.50","0.00","-282569.70","0.00","0.00","60000000.00","-34661868.50","LN","0.00","0.00","0.00","0.00","-34661868.50","0.00","-282569.70","0.00","0.00","0.00","0.00","0.00","0.00","-4623133.35","-4623133.35","28766115.00","0.00","0.00","0.00","0.00","0.00"
"2009","325265","1050202","000104460000081","1","12/31/2025","-34956256.90","0.00","-294388.40","0.00","0.00","60000000.00","-34956256.90","LN","0.00","0.00","0.00","0.00","-34956256.90","0.00","-294388.40","0.00","0.00","0.00","0.00","0.00","0.00","-4623133.35","-4623133.35","28766115.00","0.00","0.00","0.00","0.00","0.00"
"2010","329063","1050202","000104460000081","1","1/31/2026","-35253145.76","0.00","-296888.86","0.00","0.00","60000000.00","-35253145.76","LN","0.00","0.00","0.00","0.00","-35253145.76","0.00","-296888.86","0.00","0.00","0.00","0.00","0.00","0.00","-4623133.35","-4623133.35","28766115.00","0.00","0.00","0.00","0.00","0.00"
"2011","332877","1050202","000104460000081","1","2/28/2026","-31322272.64","4175000.00","-244126.88","0.00","0.00","60000000.00","-31322272.64","LN","0.00","0.00","0.00","0.00","-31322272.64","4175000.00","-244126.88","0.00","0.00","0.00","0.00","0.00","0.00","-4623133.35","-4623133.35","28766115.00","0.00","0.00","0.00","0.00","0.00"
"2012","336676","1050202","000104460000081","1","3/31/2026","-31588297.28","0.00","-266024.64","0.00","0.00","60000000.00","-31588297.28","LN","0.00","0.00","0.00","0.00","-31588297.28","0.00","-266024.64","0.00","0.00","0.00","0.00","0.00","0.00","-4623133.35","-4623133.35","28766115.00","0.00","0.00","0.00","0.00","0.00"
"2013","340456","1050202","000104460000081","1","4/30/2026","-29745625.82","2100000.00","-257328.54","0.00","0.00","60000000.00","-29745625.82","LN","0.00","0.00","0.00","0.00","-29745625.82","2100000.00","-257328.54","0.00","0.00","0.00","0.00","0.00","0.00","-4623133.35","-4623133.35","28766115.00","0.00","0.00","0.00","0.00","0.00"
"2014","344236","1050202","000104460000081","1","5/31/2026","-29998260.01","0.00","-252634.19","0.00","0.00","60000000.00","-29998260.01","LN","0.00","0.00","0.00","0.00","-29998260.01","0.00","-252634.19","0.00","0.00","0.00","0.00","0.00","0.00","-4623133.35","-4623133.35","28766115.00","0.00","0.00","0.00","0.00","0.00"
"2015","348016","1050202","000104460000081","1","6/30/2026","-30244821.01","0.00","-246561.00","0.00","0.00","60000000.00","-30244821.01","LN","0.00","0.00","0.00","0.00","-30244821.01","0.00","-246561.00","0.00","0.00","0.00","0.00","0.00","0.00","-4623133.35","-4623133.35","28766115.00","0.00","0.00","0.00","0.00","0.00"
"2016","351780","1050202","000104460000081","1","7/31/2026","-30501694.76","0.00","-256873.75","0.00","0.00","60000000.00","-30501694.76","LN","0.00","0.00","0.00","0.00","-30501694.76","0.00","-256873.75","0.00","0.00","0.00","0.00","0.00","0.00","-4623133.35","-4623133.35","28766115.00","0.00","0.00","0.00","0.00","0.00"
"2017","355546","1050202","000104460000081","1","8/31/2026","-30760750.29","0.00","-259055.53","0.00","0.00","60000000.00","-30760750.29","LN","0.00","0.00","0.00","0.00","-30760750.29","0.00","-259055.53","0.00","0.00","0.00","0.00","0.00","0.00","-4623133.35","-4623133.35","28766115.00","0.00","0.00","0.00","0.00","0.00"
"2018","256721","1050202","000104460000083","1","7/31/2024","-122741029.19","4355745.00","-127096774.19","0.00","0.00","120000000.00","-122741029.19","LN","0.00","0.00","0.00","0.00","-122741029.19","4355745.00","-127096774.19","0.00","0.00","0.00","0.00","0.00","0.00","0.00","0.00","0.00","0.00","0.00","0.00","0.00","0.00"
"2019","256722","1050202","000104460000083","1","8/31/2024","-123783487.25","0.00","-1042458.06","0.00","0.00","120000000.00","-123783487.25","LN","0.00","0.00","0.00","0.00","-123783487.25","0.00","-1042458.06","0.00","0.00","0.00","0.00","0.00","0.00","0.00","0.00","0.00","0.00","0.00","0.00","0.00","0.00"
"2020","256723","1050202","000104460000083","1","9/30/2024","-124800885.78","0.00","-1017398.53","0.00","0.00","120000000.00","-124800885.78","LN","0.00","0.00","0.00","0.00","-124800885.78","0.00","-1017398.53","0.00","0.00","0.00","0.00","0.00","0.00","0.00","0.00","0.00","0.00","0.00","0.00","0.00","0.00"
"2021","256724","1050202","000104460000083","1","10/31/2024","-120829331.66","5000000.00","-1028445.88","0.00","0.00","120000000.00","-120829331.66","LN","0.00","0.00","0.00","0.00","-120829331.66","5000000.00","-1028445.88","0.00","0.00","0.00","0.00","0.00","0.00","0.00","0.00","0.00","0.00","0.00","0.00","0.00","0.00"
"2022","256725","1050202","000104460000083","1","11/30/2024","-107769298.80","14000000.00","-939967.14","0.00","0.00","120000000.00","-107769298.80","LN","0.00","0.00","0.00","0.00","-107769298.80","14000000.00","-939967.14","0.00","0.00","0.00","0.00","0.00","0.00","0.00","0.00","0.00","0.00","0.00","0.00","0.00","0.00"
"2023","256726","1050202","000104460000083","1","12/31/2024","-102669805.28","6000000.00","-900506.48","0.00","0.00","120000000.00","-102669805.28","LN","0.00","0.00","0.00","0.00","-102669805.28","6000000.00","-900506.48","0.00","0.00","0.00","0.00","0.00","0.00","0.00","0.00","0.00","0.00","0.00","0.00","0.00","0.00"
"2024","256727","1050202","000104460000083","1","1/31/2025","-103569924.00","0.00","-900118.72","0.00","0.00","120000000.00","-103569924.00","LN","0.00","0.00","0.00","0.00","-103569924.00","0.00","-900118.72","0.00","0.00","0.00","0.00","0.00","0.00","0.00","0.00","0.00","0.00","0.00","0.00","0.00","0.00"
"2025","256728","1050202","000104460000083","1","2/28/2025","-100352378.17","8000000.00","-4782454.17","0.00","0.00","120000000.00","-100352378.17","LN","0.00","0.00","0.00","0.00","-100352378.17","8000000.00","-4782454.17","0.00","0.00","0.00","0.00","0.00","0.00","0.00","0.00","0.00","0.00","0.00","0.00","0.00","0.00"
"2026","256729","1050202","000104460000083","1","3/31/2025","-101232179.77","0.00","-879801.60","0.00","0.00","120000000.00","-101232179.77","LN","0.00","0.00","0.00","0.00","-101232179.77","0.00","-879801.60","0.00","0.00","0.00","0.00","0.00","0.00","0.00","0.00","0.00","0.00","0.00","0.00","0.00","0.00"
"2027","256730","1050202","000104460000083","1","4/30/2025","-102064224.97","0.00","-832045.20","0.00","0.00","120000000.00","-102064224.97","LN","0.00","0.00","0.00","0.00","-102064224.97","0.00","-832045.20","0.00","0.00","0.00","0.00","0.00","0.00","0.00","0.00","0.00","0.00","0.00","0.00","0.00","0.00"
"2028","256731","1050202","000104460000083","1","5/31/2025","-102931071.77","0.00","-866846.80","0.00","0.00","120000000.00","-102931071.77","LN","0.00","0.00","0.00","0.00","-102931071.77","0.00","-866846.80","0.00","0.00","0.00","0.00","0.00","0.00","0.00","0.00","0.00","0.00","0.00","0.00","0.00","0.00"
"2029","256732","1050202","000104460000083","1","6/30/2025","-83755162.67","20000000.00","-824090.90","0.00","0.00","120000000.00","-83755162.67","LN","0.00","0.00","0.00","0.00","-83755162.67","20000000.00","-824090.90","0.00","0.00","0.00","0.00","0.00","0.00","0.00","0.00","0.00","0.00","0.00","0.00","0.00","0.00"
"2030","256733","1050202","000104460000083","1","7/31/2025","-84466507.89","0.00","-711345.22","0.00","0.00","120000000.00","-84466507.89","LN","0.00","0.00","0.00","0.00","-84466507.89","0.00","-711345.22","0.00","0.00","0.00","0.00","0.00","0.00","0.00","0.00","0.00","0.00","0.00","0.00","0.00","0.00"
"2031","260885","1050202","000104460000083","1","8/31/2025","-85182930.54","0.00","-716422.65","0.00","0.00","120000000.00","-85182930.54","LN","0.00","0.00","0.00","0.00","-85182930.54","0.00","-716422.65","0.00","0.00","0.00","0.00","0.00","0.00","-10611348.98","-10611348.98","53355745.00","0.00","0.00","0.00","0.00","0.00"
"2032","268479","1050202","000104460000083","1","9/30/2025","-78667283.44","7200000.00","-684352.90","0.00","0.00","120000000.00","-78667283.44","LN","0.00","0.00","0.00","0.00","-78667283.44","7200000.00","-684352.90","0.00","0.00","0.00","0.00","0.00","0.00","-10611348.98","-10611348.98","53355745.00","0.00","0.00","0.00","0.00","0.00"
"2033","289079","1050202","000104460000083","1","10/31/2025","-79335416.52","0.00","-668133.08","0.00","0.00","120000000.00","-79335416.52","LN","0.00","0.00","0.00","0.00","-79335416.52","0.00","-668133.08","0.00","0.00","0.00","0.00","0.00","0.00","-10611348.98","-10611348.98","53355745.00","0.00","0.00","0.00","0.00","0.00"
"2034","292873","1050202","000104460000083","1","11/30/2025","-79987488.42","0.00","-652071.90","0.00","0.00","120000000.00","-79987488.42","LN","0.00","0.00","0.00","0.00","-79987488.42","0.00","-652071.90","0.00","0.00","0.00","0.00","0.00","0.00","-10611348.98","-10611348.98","53355745.00","0.00","0.00","0.00","0.00","0.00"
"2035","325266","1050202","000104460000083","1","12/31/2025","-80666834.20","0.00","-679345.78","0.00","0.00","120000000.00","-80666834.20","LN","0.00","0.00","0.00","0.00","-80666834.20","0.00","-679345.78","0.00","0.00","0.00","0.00","0.00","0.00","-10611348.98","-10611348.98","53355745.00","0.00","0.00","0.00","0.00","0.00"
"2036","329064","1050202","000104460000083","1","1/31/2026","-74554051.13","6796036.64","-683253.57","0.00","0.00","120000000.00","-74554051.13","LN","0.00","0.00","0.00","0.00","-74554051.13","6796036.64","-683253.57","0.00","0.00","0.00","0.00","0.00","0.00","-10611348.98","-10611348.98","53355745.00","0.00","0.00","0.00","0.00","0.00"
"2037","332878","1050202","000104460000083","1","2/28/2026","-75125972.69","0.00","-571921.56","0.00","0.00","120000000.00","-75125972.69","LN","0.00","0.00","0.00","0.00","-75125972.69","0.00","-571921.56","0.00","0.00","0.00","0.00","0.00","0.00","-10611348.98","-10611348.98","53355745.00","0.00","0.00","0.00","0.00","0.00"
"2038","336677","1050202","000104460000083","1","3/31/2026","-75764028.95","0.00","-638056.26","0.00","0.00","120000000.00","-75764028.95","LN","0.00","0.00","0.00","0.00","-75764028.95","0.00","-638056.26","0.00","0.00","0.00","0.00","0.00","0.00","-10611348.98","-10611348.98","53355745.00","0.00","0.00","0.00","0.00","0.00"
"2039","340457","1050202","000104460000083","1","4/30/2026","-66340171.64","10000000.00","-576142.69","0.00","0.00","120000000.00","-66340171.64","LN","0.00","0.00","0.00","0.00","-66340171.64","10000000.00","-576142.69","0.00","0.00","0.00","0.00","0.00","0.00","-10611348.98","-10611348.98","53355745.00","0.00","0.00","0.00","0.00","0.00"
"2040","344237","1050202","000104460000083","1","5/31/2026","-66903608.73","0.00","-563437.09","0.00","0.00","120000000.00","-66903608.73","LN","0.00","0.00","0.00","0.00","-66903608.73","0.00","-563437.09","0.00","0.00","0.00","0.00","0.00","0.00","-10611348.98","-10611348.98","53355745.00","0.00","0.00","0.00","0.00","0.00"
"2041","348017","1050202","000104460000083","1","6/30/2026","-67453501.53","0.00","-549892.80","0.00","0.00","120000000.00","-67453501.53","LN","0.00","0.00","0.00","0.00","-67453501.53","0.00","-549892.80","0.00","0.00","0.00","0.00","0.00","0.00","-10611348.98","-10611348.98","53355745.00","0.00","0.00","0.00","0.00","0.00"
"2042","351781","1050202","000104460000083","1","7/31/2026","-58023654.52","10000000.00","-570152.99","0.00","0.00","120000000.00","-58023654.52","LN","0.00","0.00","0.00","0.00","-58023654.52","10000000.00","-570152.99","0.00","0.00","0.00","0.00","0.00","0.00","-10611348.98","-10611348.98","53355745.00","0.00","0.00","0.00","0.00","0.00"
"2043","355547","1050202","000104460000083","1","8/31/2026","-58516458.11","0.00","-492803.59","0.00","0.00","120000000.00","-58516458.11","LN","0.00","0.00","0.00","0.00","-58516458.11","0.00","-492803.59","0.00","0.00","0.00","0.00","0.00","0.00","-10611348.98","-10611348.98","53355745.00","0.00","0.00","0.00","0.00","0.00"
"2044","256734","1050202","000104460000087","1","7/31/2024","-201659999.00","8340001.00","-210000000.00","0.00","0.00","200000000.00","-201659999.00","LN","0.00","0.00","0.00","0.00","-201659999.00","8340001.00","-210000000.00","0.00","0.00","0.00","0.00","0.00","0.00","0.00","0.00","0.00","0.00","0.00","0.00","0.00","0.00"
"2045","256735","1050202","000104460000087","1","8/31/2024","-203372727.76","0.00","-1712728.76","0.00","0.00","200000000.00","-203372727.76","LN","0.00","0.00","0.00","0.00","-203372727.76","0.00","-1712728.76","0.00","0.00","0.00","0.00","0.00","0.00","0.00","0.00","0.00","0.00","0.00","0.00","0.00","0.00"
"2046","256736","1050202","000104460000087","1","9/30/2024","-197707771.27","7323000.00","-1658043.51","0.00","0.00","200000000.00","-197707771.27","LN","0.00","0.00","0.00","0.00","-197707771.27","7323000.00","-1658043.51","0.00","0.00","0.00","0.00","0.00","0.00","0.00","0.00","0.00","0.00","0.00","0.00","0.00","0.00"
"2047","256737","1050202","000104460000087","1","10/31/2024","-199386933.16","0.00","-1679161.89","0.00","0.00","200000000.00","-199386933.16","LN","0.00","0.00","0.00","0.00","-199386933.16","0.00","-1679161.89","0.00","0.00","0.00","0.00","0.00","0.00","0.00","0.00","0.00","0.00","0.00","0.00","0.00","0.00"
"2048","256738","1050202","000104460000087","1","11/30/2024","-197014770.97","4000000.00","-1627837.81","0.00","0.00","200000000.00","-197014770.97","LN","0.00","0.00","0.00","0.00","-197014770.97","4000000.00","-1627837.81","0.00","0.00","0.00","0.00","0.00","0.00","0.00","0.00","0.00","0.00","0.00","0.00","0.00","0.00"
"2049","256739","1050202","000104460000087","1","12/31/2024","-196677636.07","2000000.00","-1662865.10","0.00","0.00","200000000.00","-196677636.07","LN","0.00","0.00","0.00","0.00","-196677636.07","2000000.00","-1662865.10","0.00","0.00","0.00","0.00","0.00","0.00","0.00","0.00","0.00","0.00","0.00","0.00","0.00","0.00"
"2050","256740","1050202","000104460000087","1","1/31/2025","-181717250.98","16653818.00","-1693432.91","0.00","0.00","200000000.00","-181717250.98","LN","0.00","0.00","0.00","0.00","-181717250.98","16653818.00","-1693432.91","0.00","0.00","0.00","0.00","0.00","0.00","0.00","0.00","0.00","0.00","0.00","0.00","0.00","0.00"
"2051","256741","1050202","000104460000087","1","2/28/2025","-183111246.38","0.00","-1393995.40","0.00","0.00","200000000.00","-183111246.38","LN","0.00","0.00","0.00","0.00","-183111246.38","0.00","-1393995.40","0.00","0.00","0.00","0.00","0.00","0.00","0.00","0.00","0.00","0.00","0.00","0.00","0.00","0.00"
"2052","256742","1050202","000104460000087","1","3/31/2025","-184716605.10","0.00","-1605358.72","0.00","0.00","200000000.00","-184716605.10","LN","0.00","0.00","0.00","0.00","-184716605.10","0.00","-1605358.72","0.00","0.00","0.00","0.00","0.00","0.00","0.00","0.00","0.00","0.00","0.00","0.00","0.00","0.00"
"2053","256743","1050202","000104460000087","1","4/30/2025","-186234823.80","0.00","-1518218.70","0.00","0.00","200000000.00","-186234823.80","LN","0.00","0.00","0.00","0.00","-186234823.80","0.00","-1518218.70","0.00","0.00","0.00","0.00","0.00","0.00","0.00","0.00","0.00","0.00","0.00","0.00","0.00","0.00"
"2054","256744","1050202","000104460000087","1","5/31/2025","-171048475.74","16654000.00","-1467651.94","0.00","0.00","200000000.00","-171048475.74","LN","0.00","0.00","0.00","0.00","-171048475.74","16654000.00","-1467651.94","0.00","0.00","0.00","0.00","0.00","0.00","0.00","0.00","0.00","0.00","0.00","0.00","0.00","0.00"
"2055","256745","1050202","000104460000087","1","6/30/2025","-156436819.46","16000000.00","-1388343.72","0.00","0.00","200000000.00","-156436819.46","LN","0.00","0.00","0.00","0.00","-156436819.46","16000000.00","-1388343.72","0.00","0.00","0.00","0.00","0.00","0.00","0.00","0.00","0.00","0.00","0.00","0.00","0.00","0.00"
"2056","256746","1050202","000104460000087","1","7/31/2025","-157765460.86","0.00","-1328641.40","0.00","0.00","200000000.00","-157765460.86","LN","0.00","0.00","0.00","0.00","-157765460.86","0.00","-1328641.40","0.00","0.00","0.00","0.00","0.00","0.00","0.00","0.00","0.00","0.00","0.00","0.00","0.00","0.00"
"2057","260886","1050202","000104460000087","1","8/31/2025","-159103627.29","0.00","-1338166.43","0.00","0.00","200000000.00","-159103627.29","LN","0.00","0.00","0.00","0.00","-159103627.29","0.00","-1338166.43","0.00","0.00","0.00","0.00","0.00","0.00","-18094732.06","-18094732.06","70970819.00","0.00","0.00","0.00","0.00","0.00"
"2058","268480","1050202","000104460000087","1","9/30/2025","-160411328.19","0.00","-1307700.90","0.00","0.00","200000000.00","-160411328.19","LN","0.00","0.00","0.00","0.00","-160411328.19","0.00","-1307700.90","0.00","0.00","0.00","0.00","0.00","0.00","-18094732.06","-18094732.06","70970819.00","0.00","0.00","0.00","0.00","0.00"
"2059","289080","1050202","000104460000087","1","10/31/2025","-145760575.12","16000000.00","-1349246.93","0.00","0.00","200000000.00","-145760575.12","LN","0.00","0.00","0.00","0.00","-145760575.12","16000000.00","-1349246.93","0.00","0.00","0.00","0.00","0.00","0.00","-18094732.06","-18094732.06","70970819.00","0.00","0.00","0.00","0.00","0.00"
"2060","292874","1050202","000104460000087","1","11/30/2025","-146958607.12","0.00","-1198032.00","0.00","0.00","200000000.00","-146958607.12","LN","0.00","0.00","0.00","0.00","-146958607.12","0.00","-1198032.00","0.00","0.00","0.00","0.00","0.00","0.00","-18094732.06","-18094732.06","70970819.00","0.00","0.00","0.00","0.00","0.00"
"2061","325267","1050202","000104460000087","1","12/31/2025","-148206748.65","0.00","-1248141.53","0.00","0.00","200000000.00","-148206748.65","LN","0.00","0.00","0.00","0.00","-148206748.65","0.00","-1248141.53","0.00","0.00","0.00","0.00","0.00","0.00","-18094732.06","-18094732.06","70970819.00","0.00","0.00","0.00","0.00","0.00"
"2062","329065","1050202","000104460000087","1","1/31/2026","-133377819.74","16000000.00","-1171071.09","0.00","0.00","200000000.00","-133377819.74","LN","0.00","0.00","0.00","0.00","-133377819.74","16000000.00","-1171071.09","0.00","0.00","0.00","0.00","0.00","0.00","-18094732.06","-18094732.06","70970819.00","0.00","0.00","0.00","0.00","0.00"
"2063","332879","1050202","000104460000087","1","2/28/2026","-118383457.86","16000000.00","-1005638.12","0.00","0.00","200000000.00","-118383457.86","LN","0.00","0.00","0.00","0.00","-118383457.86","16000000.00","-1005638.12","0.00","0.00","0.00","0.00","0.00","0.00","-18094732.06","-18094732.06","70970819.00","0.00","0.00","0.00","0.00","0.00"
"2064","336678","1050202","000104460000087","1","3/31/2026","-119388906.28","0.00","-1005448.42","0.00","0.00","200000000.00","-119388906.28","LN","0.00","0.00","0.00","0.00","-119388906.28","0.00","-1005448.42","0.00","0.00","0.00","0.00","0.00","0.00","-18094732.06","-18094732.06","70970819.00","0.00","0.00","0.00","0.00","0.00"
"2065","340458","1050202","000104460000087","1","4/30/2026","-120370184.98","0.00","-981278.70","0.00","0.00","200000000.00","-120370184.98","LN","0.00","0.00","0.00","0.00","-120370184.98","0.00","-981278.70","0.00","0.00","0.00","0.00","0.00","0.00","-18094732.06","-18094732.06","70970819.00","0.00","0.00","0.00","0.00","0.00"
"2066","344238","1050202","000104460000087","1","5/31/2026","-121392507.01","0.00","-1022322.03","0.00","0.00","200000000.00","-121392507.01","LN","0.00","0.00","0.00","0.00","-121392507.01","0.00","-1022322.03","0.00","0.00","0.00","0.00","0.00","0.00","-18094732.06","-18094732.06","70970819.00","0.00","0.00","0.00","0.00","0.00"
"2067","348018","1050202","000104460000087","1","6/30/2026","-106337650.89","16000000.00","-945143.88","0.00","0.00","200000000.00","-106337650.89","LN","0.00","0.00","0.00","0.00","-106337650.89","16000000.00","-945143.88","0.00","0.00","0.00","0.00","0.00","0.00","-18094732.06","-18094732.06","70970819.00","0.00","0.00","0.00","0.00","0.00"
"2068","351782","1050202","000104460000087","1","7/31/2026","-107240792.49","0.00","-903141.60","0.00","0.00","200000000.00","-107240792.49","LN","0.00","0.00","0.00","0.00","-107240792.49","0.00","-903141.60","0.00","0.00","0.00","0.00","0.00","0.00","-18094732.06","-18094732.06","70970819.00","0.00","0.00","0.00","0.00","0.00"
"2069","355548","1050202","000104460000087","1","8/31/2026","-108151604.73","0.00","-910812.24","0.00","0.00","200000000.00","-108151604.73","LN","0.00","0.00","0.00","0.00","-108151604.73","0.00","-910812.24","0.00","0.00","0.00","0.00","0.00","0.00","-18094732.06","-18094732.06","70970819.00","0.00","0.00","0.00","0.00","0.00"
"2070","256747","1050202","000104460000088","1","7/31/2024","-16028917.57","1816222.91","-17845140.48","0.00","0.00","17000000.00","-16028917.57","LN","0.00","0.00","0.00","0.00","-16028917.56","1816222.92","-17845140.48","0.00","0.00","0.00","0.00","0.00","0.00","0.00","0.00","0.00","0.00","0.00","0.00","0.00","0.00"
"2071","256748","1050202","000104460000088","1","8/31/2024","-14342361.94","1816222.91","-129667.28","0.00","0.00","17000000.00","-14342361.94","LN","0.00","0.00","0.00","0.00","-14342361.93","1816222.91","-129667.28","0.00","0.00","0.00","0.00","0.00","0.00","0.00","0.00","0.00","0.00","0.00","0.00","0.00","0.00"
"2072","256749","1050202","000104460000088","1","9/30/2024","-14460244.37","0.00","-117882.43","0.00","0.00","17000000.00","-14460244.37","LN","0.00","0.00","0.00","0.00","-14460244.36","0.00","-117882.43","0.00","0.00","0.00","0.00","0.00","0.00","0.00","0.00","0.00","0.00","0.00","0.00","0.00","0.00"
"2073","256750","1050202","000104460000088","1","10/31/2024","-12758872.96","1816222.92","-114851.51","0.00","0.00","17000000.00","-12758872.96","LN","0.00","0.00","0.00","0.00","-12758872.95","1816222.92","-114851.51","0.00","0.00","0.00","0.00","0.00","0.00","0.00","0.00","0.00","0.00","0.00","0.00","0.00","0.00"
"2074","256751","1050202","000104460000088","1","11/30/2024","-11955131.30","908111.46","-104369.80","0.00","0.00","17000000.00","-11955131.30","LN","0.00","0.00","0.00","0.00","-11955131.29","908111.46","-104369.80","0.00","0.00","0.00","0.00","0.00","0.00","0.00","0.00","0.00","0.00","0.00","0.00","0.00","0.00"
"2075","256752","1050202","000104460000088","1","12/31/2024","-12056668.08","0.00","-101536.78","0.00","0.00","17000000.00","-12056668.08","LN","0.00","0.00","0.00","0.00","-12056668.07","0.00","-101536.78","0.00","0.00","0.00","0.00","0.00","0.00","0.00","0.00","0.00","0.00","0.00","0.00","0.00","0.00"
"2076","256753","1050202","000104460000088","1","1/31/2025","-12162370.48","0.00","-105702.40","0.00","0.00","17000000.00","-12162370.48","LN","0.00","0.00","0.00","0.00","-12162370.47","0.00","-105702.40","0.00","0.00","0.00","0.00","0.00","0.00","0.00","0.00","0.00","0.00","0.00","0.00","0.00","0.00"
"2077","256754","1050202","000104460000088","1","2/28/2025","-12255670.96","0.00","-93300.48","0.00","0.00","17000000.00","-12255670.96","LN","0.00","0.00","0.00","0.00","-12255670.95","0.00","-93300.48","0.00","0.00","0.00","0.00","0.00","0.00","0.00","0.00","0.00","0.00","0.00","0.00","0.00","0.00"
"2078","256755","1050202","000104460000088","1","3/31/2025","-11453264.94","908111.46","-105705.44","0.00","0.00","17000000.00","-11453264.94","LN","0.00","0.00","0.00","0.00","-11453264.93","908111.46","-105705.44","0.00","0.00","0.00","0.00","0.00","0.00","0.00","0.00","0.00","0.00","0.00","0.00","0.00","0.00"
"2079","256756","1050202","000104460000088","1","4/30/2025","-11547401.34","0.00","-94136.40","0.00","0.00","17000000.00","-11547401.34","LN","0.00","0.00","0.00","0.00","-11547401.33","0.00","-94136.40","0.00","0.00","0.00","0.00","0.00","0.00","0.00","0.00","0.00","0.00","0.00","0.00","0.00","0.00"
"2080","256757","1050202","000104460000088","1","5/31/2025","-11645475.11","0.00","-98073.77","0.00","0.00","17000000.00","-11645475.11","LN","0.00","0.00","0.00","0.00","-11645475.10","0.00","-98073.77","0.00","0.00","0.00","0.00","0.00","0.00","0.00","0.00","0.00","0.00","0.00","0.00","0.00","0.00"
"2081","256758","1050202","000104460000088","1","6/30/2025","-11741191.31","0.00","-95716.20","0.00","0.00","17000000.00","-11741191.31","LN","0.00","0.00","0.00","0.00","-11741191.30","0.00","-95716.20","0.00","0.00","0.00","0.00","0.00","0.00","0.00","0.00","0.00","0.00","0.00","0.00","0.00","0.00"
"2082","256759","1050202","000104460000088","1","7/31/2025","-11840910.87","0.00","-99719.56","0.00","0.00","17000000.00","-11840910.87","LN","0.00","0.00","0.00","0.00","-11840910.86","0.00","-99719.56","0.00","0.00","0.00","0.00","0.00","0.00","0.00","0.00","0.00","0.00","0.00","0.00","0.00","0.00"
"2083","260887","1050202","000104460000088","1","8/31/2025","-11941361.78","0.00","-100450.91","0.00","0.00","17000000.00","-11941361.78","LN","0.00","0.00","0.00","0.00","-11941361.77","0.00","-100450.91","0.00","0.00","0.00","0.00","0.00","0.00","-1326746.87","-1326746.87","7264891.67","0.00","0.00","0.00","0.00","0.00"
"2084","268481","1050202","000104460000088","1","9/30/2025","-12039510.08","0.00","-98148.30","0.00","0.00","17000000.00","-12039510.08","LN","0.00","0.00","0.00","0.00","-12039510.07","0.00","-98148.30","0.00","0.00","0.00","0.00","0.00","0.00","-1326746.87","-1326746.87","7264891.67","0.00","0.00","0.00","0.00","0.00"
"2085","289081","1050202","000104460000088","1","10/31/2025","-12141763.58","0.00","-102253.50","0.00","0.00","17000000.00","-12141763.58","LN","0.00","0.00","0.00","0.00","-12141763.57","0.00","-102253.50","0.00","0.00","0.00","0.00","0.00","0.00","-1326746.87","-1326746.87","7264891.67","0.00","0.00","0.00","0.00","0.00"
"2086","292875","1050202","000104460000088","1","11/30/2025","-10239367.12","2000000.00","-97603.54","0.00","0.00","17000000.00","-10239367.12","LN","0.00","0.00","0.00","0.00","-10239367.11","2000000.00","-97603.54","0.00","0.00","0.00","0.00","0.00","0.00","-1326746.87","-1326746.87","7264891.67","0.00","0.00","0.00","0.00","0.00"
"2087","325268","1050202","000104460000088","1","12/31/2025","-10326331.73","0.00","-86964.61","0.00","0.00","17000000.00","-10326331.73","LN","0.00","0.00","0.00","0.00","-10326331.72","0.00","-86964.61","0.00","0.00","0.00","0.00","0.00","0.00","-1326746.87","-1326746.87","7264891.67","0.00","0.00","0.00","0.00","0.00"
"2088","329066","1050202","000104460000088","1","1/31/2026","-10414034.76","0.00","-87703.03","0.00","0.00","17000000.00","-10414034.76","LN","0.00","0.00","0.00","0.00","-10414034.75","0.00","-87703.03","0.00","0.00","0.00","0.00","0.00","0.00","-1326746.87","-1326746.87","7264891.67","0.00","0.00","0.00","0.00","0.00"
"2089","332880","1050202","000104460000088","1","2/28/2026","-10493923.24","0.00","-79888.48","0.00","0.00","17000000.00","-10493923.24","LN","0.00","0.00","0.00","0.00","-10493923.23","0.00","-79888.48","0.00","0.00","0.00","0.00","0.00","0.00","-1326746.87","-1326746.87","7264891.67","0.00","0.00","0.00","0.00","0.00"
"2090","336679","1050202","000104460000088","1","3/31/2026","-10583049.79","0.00","-89126.55","0.00","0.00","17000000.00","-10583049.79","LN","0.00","0.00","0.00","0.00","-10583049.78","0.00","-89126.55","0.00","0.00","0.00","0.00","0.00","0.00","-1326746.87","-1326746.87","7264891.67","0.00","0.00","0.00","0.00","0.00"
"2091","340459","1050202","000104460000088","1","4/30/2026","-10670033.89","0.00","-86984.10","0.00","0.00","17000000.00","-10670033.89","LN","0.00","0.00","0.00","0.00","-10670033.88","0.00","-86984.10","0.00","0.00","0.00","0.00","0.00","0.00","-1326746.87","-1326746.87","7264891.67","0.00","0.00","0.00","0.00","0.00"
"2092","344239","1050202","000104460000088","1","5/31/2026","-10760656.19","0.00","-90622.30","0.00","0.00","17000000.00","-10760656.19","LN","0.00","0.00","0.00","0.00","-10760656.18","0.00","-90622.30","0.00","0.00","0.00","0.00","0.00","0.00","-1326746.87","-1326746.87","7264891.67","0.00","0.00","0.00","0.00","0.00"
"2093","348019","1050202","000104460000088","1","6/30/2026","-10849099.79","0.00","-88443.60","0.00","0.00","17000000.00","-10849099.79","LN","0.00","0.00","0.00","0.00","-10849099.78","0.00","-88443.60","0.00","0.00","0.00","0.00","0.00","0.00","-1326746.87","-1326746.87","7264891.67","0.00","0.00","0.00","0.00","0.00"
"2094","351783","1050202","000104460000088","1","7/31/2026","-10941242.95","0.00","-92143.16","0.00","0.00","17000000.00","-10941242.95","LN","0.00","0.00","0.00","0.00","-10941242.94","0.00","-92143.16","0.00","0.00","0.00","0.00","0.00","0.00","-1326746.87","-1326746.87","7264891.67","0.00","0.00","0.00","0.00","0.00"
"2095","355549","1050202","000104460000088","1","8/31/2026","-11034168.55","0.00","-92925.60","0.00","0.00","17000000.00","-11034168.55","LN","0.00","0.00","0.00","0.00","-11034168.54","0.00","-92925.60","0.00","0.00","0.00","0.00","0.00","0.00","-1326746.87","-1326746.87","7264891.67","0.00","0.00","0.00","0.00","0.00"
"2096","256760","1050202","000104460000089","1","7/31/2024","-156733316.66","0.00","-156733316.66","0.00","0.00","150000000.00","-156733316.66","LN","0.00","0.00","0.00","0.00","-156733316.66","0.00","-156733316.66","0.00","0.00","0.00","0.00","0.00","0.00","0.00","0.00","0.00","0.00","0.00","0.00","0.00","0.00"
"2097","256761","1050202","000104460000089","1","8/31/2024","-158064476.34","0.00","-1331159.68","0.00","0.00","150000000.00","-158064476.34","LN","0.00","0.00","0.00","0.00","-158064476.34","0.00","-1331159.68","0.00","0.00","0.00","0.00","0.00","0.00","0.00","0.00","0.00","0.00","0.00","0.00","0.00","0.00"
"2098","256762","1050202","000104460000089","1","9/30/2024","-150457664.64","8878000.00","-1271188.30","0.00","0.00","150000000.00","-150457664.64","LN","0.00","0.00","0.00","0.00","-150457664.64","8878000.00","-1271188.30","0.00","0.00","0.00","0.00","0.00","0.00","0.00","0.00","0.00","0.00","0.00","0.00","0.00","0.00"
"2099","256763","1050202","000104460000089","1","10/31/2024","-147295308.09","4439000.00","-1276643.45","0.00","0.00","150000000.00","-147295308.09","LN","0.00","0.00","0.00","0.00","-147295308.09","4439000.00","-1276643.45","0.00","0.00","0.00","0.00","0.00","0.00","0.00","0.00","0.00","0.00","0.00","0.00","0.00","0.00"
"2100","256764","1050202","000104460000089","1","11/30/2024","-148505954.49","0.00","-1210646.40","0.00","0.00","150000000.00","-148505954.49","LN","0.00","0.00","0.00","0.00","-148505954.49","0.00","-1210646.40","0.00","0.00","0.00","0.00","0.00","0.00","0.00","0.00","0.00","0.00","0.00","0.00","0.00","0.00"
"2101","256765","1050202","000104460000089","1","12/31/2024","-145292969.21","4439000.00","-1226014.72","0.00","0.00","150000000.00","-145292969.21","LN","0.00","0.00","0.00","0.00","-145292969.21","4439000.00","-1226014.72","0.00","0.00","0.00","0.00","0.00","0.00","0.00","0.00","0.00","0.00","0.00","0.00","0.00","0.00"
"2102","256766","1050202","000104460000089","1","1/31/2025","-142126554.33","4439000.00","-1272585.12","0.00","0.00","150000000.00","-142126554.33","LN","0.00","0.00","0.00","0.00","-142126554.33","4439000.00","-1272585.12","0.00","0.00","0.00","0.00","0.00","0.00","0.00","0.00","0.00","0.00","0.00","0.00","0.00","0.00"
"2103","256767","1050202","000104460000089","1","2/28/2025","-143216840.17","0.00","-1090285.84","0.00","0.00","150000000.00","-143216840.17","LN","0.00","0.00","0.00","0.00","-143216840.17","0.00","-1090285.84","0.00","0.00","0.00","0.00","0.00","0.00","0.00","0.00","0.00","0.00","0.00","0.00","0.00","0.00"
"2104","256768","1050202","000104460000089","1","3/31/2025","-135580419.28","8875000.00","-1238579.11","0.00","0.00","150000000.00","-135580419.28","LN","0.00","0.00","0.00","0.00","-135580419.28","8875000.00","-1238579.11","0.00","0.00","0.00","0.00","0.00","0.00","0.00","0.00","0.00","0.00","0.00","0.00","0.00","0.00"
"2105","256769","1050202","000104460000089","1","4/30/2025","-132219294.08","4439000.00","-1077874.80","0.00","0.00","150000000.00","-132219294.08","LN","0.00","0.00","0.00","0.00","-132219294.08","4439000.00","-1077874.80","0.00","0.00","0.00","0.00","0.00","0.00","0.00","0.00","0.00","0.00","0.00","0.00","0.00","0.00"
"2106","256770","1050202","000104460000089","1","5/31/2025","-124461820.02","8878000.00","-1120525.94","0.00","0.00","150000000.00","-124461820.02","LN","0.00","0.00","0.00","0.00","-124461820.02","8878000.00","-1120525.94","0.00","0.00","0.00","0.00","0.00","0.00","0.00","0.00","0.00","0.00","0.00","0.00","0.00","0.00"
"2107","256771","1050202","000104460000089","1","6/30/2025","-125484793.92","0.00","-1022973.90","0.00","0.00","150000000.00","-125484793.92","LN","0.00","0.00","0.00","0.00","-125484793.92","0.00","-1022973.90","0.00","0.00","0.00","0.00","0.00","0.00","0.00","0.00","0.00","0.00","0.00","0.00","0.00","0.00"
"2108","256772","1050202","000104460000089","1","7/31/2025","-122084799.58","4439000.00","-1039005.66","0.00","0.00","150000000.00","-122084799.58","LN","0.00","0.00","0.00","0.00","-122084799.58","4439000.00","-1039005.66","0.00","0.00","0.00","0.00","0.00","0.00","0.00","0.00","0.00","0.00","0.00","0.00","0.00","0.00"
"2109","260888","1050202","000104460000089","1","8/31/2025","-118678894.49","4439000.00","-1033094.91","0.00","0.00","150000000.00","-118678894.49","LN","0.00","0.00","0.00","0.00","-118678894.49","4439000.00","-1033094.91","0.00","0.00","0.00","0.00","0.00","0.00","-13785470.89","-13785470.89","48826000.00","0.00","0.00","0.00","0.00","0.00"
"2110","268482","1050202","000104460000089","1","9/30/2025","-119654337.59","0.00","-975443.10","0.00","0.00","150000000.00","-119654337.59","LN","0.00","0.00","0.00","0.00","-119654337.59","0.00","-975443.10","0.00","0.00","0.00","0.00","0.00","0.00","-13785470.89","-13785470.89","48826000.00","0.00","0.00","0.00","0.00","0.00"
"2111","289082","1050202","000104460000089","1","10/31/2025","-111760959.73","8878000.00","-984622.14","0.00","0.00","150000000.00","-111760959.73","LN","0.00","0.00","0.00","0.00","-111760959.73","8878000.00","-984622.14","0.00","0.00","0.00","0.00","0.00","0.00","-13785470.89","-13785470.89","48826000.00","0.00","0.00","0.00","0.00","0.00"
"2112","292876","1050202","000104460000089","1","11/30/2025","-103793029.78","13317000.00","-5349070.05","0.00","0.00","150000000.00","-103793029.78","LN","0.00","0.00","0.00","0.00","-103793029.78","13317000.00","-5349070.05","0.00","0.00","0.00","0.00","0.00","0.00","-13785470.89","-13785470.89","48826000.00","0.00","0.00","0.00","0.00","0.00"
"2113","325269","1050202","000104460000089","1","12/31/2025","-100233127.39","4439000.00","-879097.61","0.00","0.00","150000000.00","-100233127.39","LN","0.00","0.00","0.00","0.00","-100233127.39","4439000.00","-879097.61","0.00","0.00","0.00","0.00","0.00","0.00","-13785470.89","-13785470.89","48826000.00","0.00","0.00","0.00","0.00","0.00"
"2114","329067","1050202","000104460000089","1","1/31/2026","-96644206.26","4439000.00","-850078.87","0.00","0.00","150000000.00","-96644206.26","LN","0.00","0.00","0.00","0.00","-96644206.26","4439000.00","-850078.87","0.00","0.00","0.00","0.00","0.00","0.00","-13785470.89","-13785470.89","48826000.00","0.00","0.00","0.00","0.00","0.00"
"2115","332881","1050202","000104460000089","1","2/28/2026","-97385586.34","0.00","-741380.08","0.00","0.00","150000000.00","-97385586.34","LN","0.00","0.00","0.00","0.00","-97385586.34","0.00","-741380.08","0.00","0.00","0.00","0.00","0.00","0.00","-13785470.89","-13785470.89","48826000.00","0.00","0.00","0.00","0.00","0.00"
"2116","336680","1050202","000104460000089","1","3/31/2026","-90747729.68","7439000.00","-801143.34","0.00","0.00","150000000.00","-90747729.68","LN","0.00","0.00","0.00","0.00","-90747729.68","7439000.00","-801143.34","0.00","0.00","0.00","0.00","0.00","0.00","-13785470.89","-13785470.89","48826000.00","0.00","0.00","0.00","0.00","0.00"
"2117","340460","1050202","000104460000089","1","4/30/2026","-88992916.45","2500000.00","-745186.77","0.00","0.00","150000000.00","-88992916.45","LN","0.00","0.00","0.00","0.00","-88992916.45","2500000.00","-745186.77","0.00","0.00","0.00","0.00","0.00","0.00","-13785470.89","-13785470.89","48826000.00","0.00","0.00","0.00","0.00","0.00"
"2118","344240","1050202","000104460000089","1","5/31/2026","-89748746.67","0.00","-755830.22","0.00","0.00","150000000.00","-89748746.67","LN","0.00","0.00","0.00","0.00","-89748746.67","0.00","-755830.22","0.00","0.00","0.00","0.00","0.00","0.00","-13785470.89","-13785470.89","48826000.00","0.00","0.00","0.00","0.00","0.00"
"2119","348020","1050202","000104460000089","1","6/30/2026","-90486407.67","0.00","-737661.00","0.00","0.00","150000000.00","-90486407.67","LN","0.00","0.00","0.00","0.00","-90486407.67","0.00","-737661.00","0.00","0.00","0.00","0.00","0.00","0.00","-13785470.89","-13785470.89","48826000.00","0.00","0.00","0.00","0.00","0.00"
"2120","351784","1050202","000104460000089","1","7/31/2026","-88245059.43","3000000.00","-758651.76","0.00","0.00","150000000.00","-88245059.43","LN","0.00","0.00","0.00","0.00","-88245059.43","3000000.00","-758651.76","0.00","0.00","0.00","0.00","0.00","0.00","-13785470.89","-13785470.89","48826000.00","0.00","0.00","0.00","0.00","0.00"
"2121","355550","1050202","000104460000089","1","8/31/2026","-86993990.11","2000000.00","-748930.68","0.00","0.00","150000000.00","-86993990.11","LN","0.00","0.00","0.00","0.00","-86993990.11","2000000.00","-748930.68","0.00","0.00","0.00","0.00","0.00","0.00","-13785470.89","-13785470.89","48826000.00","0.00","0.00","0.00","0.00","0.00"
"2122","256773","1050202","000104460000092","1","7/31/2024","-29460039.86","1602550.00","-31062589.86","0.00","0.00","30000000.00","-29460039.86","LN","0.00","0.00","0.00","0.00","-29460039.86","1602550.00","-31062589.86","0.00","0.00","0.00","0.00","0.00","0.00","0.00","0.00","0.00","0.00","0.00","0.00","0.00","0.00"
"2123","256774","1050202","000104460000092","1","8/31/2024","-28107259.72","1602549.64","-249769.50","0.00","0.00","30000000.00","-28107259.72","LN","0.00","0.00","0.00","0.00","-28107259.72","1602549.64","-249769.50","0.00","0.00","0.00","0.00","0.00","0.00","0.00","0.00","0.00","0.00","0.00","0.00","0.00","0.00"
"2124","256775","1050202","000104460000092","1","9/30/2024","-26734411.49","1602549.64","-229701.41","0.00","0.00","30000000.00","-26734411.49","LN","0.00","0.00","0.00","0.00","-26734411.49","1602549.64","-229701.41","0.00","0.00","0.00","0.00","0.00","0.00","0.00","0.00","0.00","0.00","0.00","0.00","0.00","0.00"
"2125","256776","1050202","000104460000092","1","10/31/2024","-26961470.88","0.00","-227059.39","0.00","0.00","30000000.00","-26961470.88","LN","0.00","0.00","0.00","0.00","-26961470.88","0.00","-227059.39","0.00","0.00","0.00","0.00","0.00","0.00","0.00","0.00","0.00","0.00","0.00","0.00","0.00","0.00"
"2126","256777","1050202","000104460000092","1","11/30/2024","-25580083.19","1602549.64","-221161.95","0.00","0.00","30000000.00","-25580083.19","LN","0.00","0.00","0.00","0.00","-25580083.19","1602549.64","-221161.95","0.00","0.00","0.00","0.00","0.00","0.00","0.00","0.00","0.00","0.00","0.00","0.00","0.00","0.00"
"2127","256778","1050202","000104460000092","1","12/31/2024","-25797338.63","0.00","-217255.44","0.00","0.00","30000000.00","-25797338.63","LN","0.00","0.00","0.00","0.00","-25797338.63","0.00","-217255.44","0.00","0.00","0.00","0.00","0.00","0.00","0.00","0.00","0.00","0.00","0.00","0.00","0.00","0.00"
"2128","256779","1050202","000104460000092","1","1/31/2025","-26023506.95","0.00","-226168.32","0.00","0.00","30000000.00","-26023506.95","LN","0.00","0.00","0.00","0.00","-26023506.95","0.00","-226168.32","0.00","0.00","0.00","0.00","0.00","0.00","0.00","0.00","0.00","0.00","0.00","0.00","0.00","0.00"
"2129","256780","1050202","000104460000092","1","2/28/2025","-24615760.09","3205099.28","-1797352.42","0.00","0.00","30000000.00","-24615760.09","LN","0.00","0.00","0.00","0.00","-24615760.09","3205099.28","-1797352.42","0.00","0.00","0.00","0.00","0.00","0.00","0.00","0.00","0.00","0.00","0.00","0.00","0.00","0.00"
"2130","256781","1050202","000104460000092","1","3/31/2025","-21616811.43","3205098.73","-206150.07","0.00","0.00","30000000.00","-21616811.43","LN","0.00","0.00","0.00","0.00","-21616811.43","3205098.73","-206150.07","0.00","0.00","0.00","0.00","0.00","0.00","0.00","0.00","0.00","0.00","0.00","0.00","0.00","0.00"
"2131","256782","1050202","000104460000092","1","4/30/2025","-18582359.57","3205099.28","-170647.42","0.00","0.00","30000000.00","-18582359.57","LN","0.00","0.00","0.00","0.00","-18582359.57","3205099.28","-170647.42","0.00","0.00","0.00","0.00","0.00","0.00","0.00","0.00","0.00","0.00","0.00","0.00","0.00","0.00"
"2132","256783","1050202","000104460000092","1","5/31/2025","-17058743.93","1670000.00","-146384.36","0.00","0.00","30000000.00","-17058743.93","LN","0.00","0.00","0.00","0.00","-17058743.93","1670000.00","-146384.36","0.00","0.00","0.00","0.00","0.00","0.00","0.00","0.00","0.00","0.00","0.00","0.00","0.00","0.00"
"2133","256784","1050202","000104460000092","1","6/30/2025","-15592193.91","1605000.00","-138449.98","0.00","0.00","30000000.00","-15592193.91","LN","0.00","0.00","0.00","0.00","-15592193.91","1605000.00","-138449.98","0.00","0.00","0.00","0.00","0.00","0.00","0.00","0.00","0.00","0.00","0.00","0.00","0.00","0.00"
"2134","256785","1050202","000104460000092","1","7/31/2025","-14118301.48","1605000.00","-131107.57","0.00","0.00","30000000.00","-14118301.48","LN","0.00","0.00","0.00","0.00","-14118301.48","1605000.00","-131107.57","0.00","0.00","0.00","0.00","0.00","0.00","0.00","0.00","0.00","0.00","0.00","0.00","0.00","0.00"
"2135","260889","1050202","000104460000092","1","8/31/2025","-14237984.49","0.00","-119683.01","0.00","0.00","30000000.00","-14237984.49","LN","0.00","0.00","0.00","0.00","-14237984.49","0.00","-119683.01","0.00","0.00","0.00","0.00","0.00","0.00","-2378105.43","-2378105.43","19302946.57","0.00","0.00","0.00","0.00","0.00"
"2136","268483","1050202","000104460000092","1","9/30/2025","-11135335.04","3210000.00","-107350.55","0.00","0.00","30000000.00","-11135335.04","LN","0.00","0.00","0.00","0.00","-11135335.04","3210000.00","-107350.55","0.00","0.00","0.00","0.00","0.00","0.00","-2378105.43","-2378105.43","19302946.57","0.00","0.00","0.00","0.00","0.00"
"2137","289083","1050202","000104460000092","1","10/31/2025","-9624469.49","1605000.00","-94134.45","0.00","0.00","30000000.00","-9624469.49","LN","0.00","0.00","0.00","0.00","-9624469.49","1605000.00","-94134.45","0.00","0.00","0.00","0.00","0.00","0.00","-2378105.43","-2378105.43","19302946.57","0.00","0.00","0.00","0.00","0.00"
"2138","292877","1050202","000104460000092","1","11/30/2025","-9703574.69","0.00","-79105.20","0.00","0.00","30000000.00","-9703574.69","LN","0.00","0.00","0.00","0.00","-9703574.69","0.00","-79105.20","0.00","0.00","0.00","0.00","0.00","0.00","-2378105.43","-2378105.43","19302946.57","0.00","0.00","0.00","0.00","0.00"
"2139","325270","1050202","000104460000092","1","12/31/2025","-6565874.91","3210000.00","-72300.22","0.00","0.00","30000000.00","-6565874.91","LN","0.00","0.00","0.00","0.00","-6565874.91","3210000.00","-72300.22","0.00","0.00","0.00","0.00","0.00","0.00","-2378105.43","-2378105.43","19302946.57","0.00","0.00","0.00","0.00","0.00"
"2140","329068","1050202","000104460000092","1","1/31/2026","-6621639.88","0.00","-55764.97","0.00","0.00","30000000.00","-6621639.88","LN","0.00","0.00","0.00","0.00","-6621639.88","0.00","-55764.97","0.00","0.00","0.00","0.00","0.00","0.00","-2378105.43","-2378105.43","19302946.57","0.00","0.00","0.00","0.00","0.00"
"2141","332882","1050202","000104460000092","1","2/28/2026","-5057322.29","1605000.00","-40682.41","0.00","0.00","30000000.00","-5057322.29","LN","0.00","0.00","0.00","0.00","-5057322.29","1605000.00","-40682.41","0.00","0.00","0.00","0.00","0.00","0.00","-2378105.43","-2378105.43","19302946.57","0.00","0.00","0.00","0.00","0.00"
"2142","336681","1050202","000104460000092","1","3/31/2026","-3486480.36","1605000.00","-34158.07","0.00","0.00","30000000.00","-3486480.36","LN","0.00","0.00","0.00","0.00","-3486480.36","1605000.00","-34158.07","0.00","0.00","0.00","0.00","0.00","0.00","-2378105.43","-2378105.43","19302946.57","0.00","0.00","0.00","0.00","0.00"
"2143","340461","1050202","000104460000092","1","4/30/2026","-3515136.36","0.00","-28656.00","0.00","0.00","30000000.00","-3515136.36","LN","0.00","0.00","0.00","0.00","-3515136.36","0.00","-28656.00","0.00","0.00","0.00","0.00","0.00","0.00","-2378105.43","-2378105.43","19302946.57","0.00","0.00","0.00","0.00","0.00"
"2144","344241","1050202","000104460000092","1","5/31/2026","-1934714.27","1605000.00","-24577.91","0.00","0.00","30000000.00","-1934714.27","LN","0.00","0.00","0.00","0.00","-1934714.27","1605000.00","-24577.91","0.00","0.00","0.00","0.00","0.00","0.00","-2378105.43","-2378105.43","19302946.57","0.00","0.00","0.00","0.00","0.00"
"2145","348021","1050202","000104460000092","1","6/30/2026","-1950616.07","0.00","-15901.80","0.00","0.00","30000000.00","-1950616.07","LN","0.00","0.00","0.00","0.00","-1950616.07","0.00","-15901.80","0.00","0.00","0.00","0.00","0.00","0.00","-2378105.43","-2378105.43","19302946.57","0.00","0.00","0.00","0.00","0.00"
"2146","351785","1050202","000104460000092","1","7/31/2026","-21451.73","1934714.27","-5549.93","0.00","0.00","30000000.00","-21451.73","LN","0.00","0.00","0.00","0.00","-21451.73","1934714.27","-5549.93","0.00","0.00","0.00","0.00","0.00","0.00","-2378105.43","-2378105.43","19302946.57","0.00","0.00","0.00","0.00","0.00"
"2147","355551","1050202","000104460000092","1","8/31/2026","-21634.01","0.00","-182.28","0.00","0.00","30000000.00","-21634.01","LN","0.00","0.00","0.00","0.00","-21634.01","0.00","-182.28","0.00","0.00","0.00","0.00","0.00","0.00","-2378105.43","-2378105.43","19302946.57","0.00","0.00","0.00","0.00","0.00"
"2148","256786","1050202","000104460000093","1","7/31/2024","-121150318.90","3000000.00","-124150318.90","0.00","0.00","120000000.00","-121150318.90","LN","0.00","0.00","0.00","0.00","-121150318.90","3000000.00","-124150318.90","0.00","0.00","0.00","0.00","0.00","0.00","0.00","0.00","0.00","0.00","0.00","0.00","0.00","0.00"
"2149","256787","1050202","000104460000093","1","8/31/2024","-122179266.81","0.00","-1028947.91","0.00","0.00","120000000.00","-122179266.81","LN","0.00","0.00","0.00","0.00","-122179266.81","0.00","-1028947.91","0.00","0.00","0.00","0.00","0.00","0.00","0.00","0.00","0.00","0.00","0.00","0.00","0.00","0.00"
"2150","256788","1050202","000104460000093","1","9/30/2024","-122175534.75","1000000.00","-996267.94","0.00","0.00","120000000.00","-122175534.75","LN","0.00","0.00","0.00","0.00","-122175534.75","1000000.00","-996267.94","0.00","0.00","0.00","0.00","0.00","0.00","0.00","0.00","0.00","0.00","0.00","0.00","0.00","0.00"
"2151","256789","1050202","000104460000093","1","10/31/2024","-123213189.98","0.00","-1037655.23","0.00","0.00","120000000.00","-123213189.98","LN","0.00","0.00","0.00","0.00","-123213189.98","0.00","-1037655.23","0.00","0.00","0.00","0.00","0.00","0.00","0.00","0.00","0.00","0.00","0.00","0.00","0.00","0.00"
"2152","256790","1050202","000104460000093","1","11/30/2024","-119664912.68","4537369.22","-989091.92","0.00","0.00","120000000.00","-119664912.68","LN","0.00","0.00","0.00","0.00","-119664912.68","4537369.22","-989091.92","0.00","0.00","0.00","0.00","0.00","0.00","0.00","0.00","0.00","0.00","0.00","0.00","0.00","0.00"
"2153","256791","1050202","000104460000093","1","12/31/2024","-116132687.59","4537369.22","-1005144.13","0.00","0.00","120000000.00","-116132687.59","LN","0.00","0.00","0.00","0.00","-116132687.59","4537369.22","-1005144.13","0.00","0.00","0.00","0.00","0.00","0.00","0.00","0.00","0.00","0.00","0.00","0.00","0.00","0.00"
"2154","256792","1050202","000104460000093","1","1/31/2025","-112599793.60","4537369.22","-1004475.23","0.00","0.00","120000000.00","-112599793.60","LN","0.00","0.00","0.00","0.00","-112599793.60","4537369.22","-1004475.23","0.00","0.00","0.00","0.00","0.00","0.00","0.00","0.00","0.00","0.00","0.00","0.00","0.00","0.00"
"2155","256793","1050202","000104460000093","1","2/28/2025","-108912529.34","9074738.44","-5387474.18","0.00","0.00","120000000.00","-108912529.34","LN","0.00","0.00","0.00","0.00","-108912529.34","9074738.44","-5387474.18","0.00","0.00","0.00","0.00","0.00","0.00","0.00","0.00","0.00","0.00","0.00","0.00","0.00","0.00"
"2156","256794","1050202","000104460000093","1","3/31/2025","-103596329.70","6252207.01","-936007.37","0.00","0.00","120000000.00","-103596329.70","LN","0.00","0.00","0.00","0.00","-103596329.70","6252207.01","-936007.37","0.00","0.00","0.00","0.00","0.00","0.00","0.00","0.00","0.00","0.00","0.00","0.00","0.00","0.00"
"2157","256795","1050202","000104460000093","1","4/30/2025","-94890311.89","14318588.79","-5612570.98","0.00","0.00","120000000.00","-94890311.89","LN","0.00","0.00","0.00","0.00","-94890311.89","14318588.79","-5612570.98","0.00","0.00","0.00","0.00","0.00","0.00","0.00","0.00","0.00","0.00","0.00","0.00","0.00","0.00"
"2158","256796","1050202","000104460000093","1","5/31/2025","-90922059.17","4772862.93","-804610.21","0.00","0.00","120000000.00","-90922059.17","LN","0.00","0.00","0.00","0.00","-90922059.17","4772862.93","-804610.21","0.00","0.00","0.00","0.00","0.00","0.00","0.00","0.00","0.00","0.00","0.00","0.00","0.00","0.00"
"2159","256797","1050202","000104460000093","1","6/30/2025","-86895193.11","4772862.93","-745996.87","0.00","0.00","120000000.00","-86895193.11","LN","0.00","0.00","0.00","0.00","-86895193.11","4772862.93","-745996.87","0.00","0.00","0.00","0.00","0.00","0.00","0.00","0.00","0.00","0.00","0.00","0.00","0.00","0.00"
"2160","256798","1050202","000104460000093","1","7/31/2025","-82859036.45","4772862.93","-736706.27","0.00","0.00","120000000.00","-82859036.45","LN","0.00","0.00","0.00","0.00","-82859036.45","4772862.93","-736706.27","0.00","0.00","0.00","0.00","0.00","0.00","0.00","0.00","0.00","0.00","0.00","0.00","0.00","0.00"
"2161","260890","1050202","000104460000093","1","8/31/2025","-83561745.10","0.00","-702708.65","0.00","0.00","120000000.00","-83561745.10","LN","0.00","0.00","0.00","0.00","-83561745.10","0.00","-702708.65","0.00","0.00","0.00","0.00","0.00","0.00","-10061199.77","-10061199.77","52265998.54","0.00","0.00","0.00","0.00","0.00"
"2162","268484","1050202","000104460000093","1","9/30/2025","-79446923.21","4772862.93","-658041.04","0.00","0.00","120000000.00","-79446923.21","LN","0.00","0.00","0.00","0.00","-79446923.21","4772862.93","-658041.04","0.00","0.00","0.00","0.00","0.00","0.00","-10061199.77","-10061199.77","52265998.54","0.00","0.00","0.00","0.00","0.00"
"2163","289084","1050202","000104460000093","1","10/31/2025","-70534107.86","9545725.86","-632910.51","0.00","0.00","120000000.00","-70534107.86","LN","0.00","0.00","0.00","0.00","-70534107.86","9545725.86","-632910.51","0.00","0.00","0.00","0.00","0.00","0.00","-10061199.77","-10061199.77","52265998.54","0.00","0.00","0.00","0.00","0.00"
"2164","292878","1050202","000104460000093","1","11/30/2025","-71113840.16","0.00","-579732.30","0.00","0.00","120000000.00","-71113840.16","LN","0.00","0.00","0.00","0.00","-71113840.16","0.00","-579732.30","0.00","0.00","0.00","0.00","0.00","0.00","-10061199.77","-10061199.77","52265998.54","0.00","0.00","0.00","0.00","0.00"
"2165","325271","1050202","000104460000093","1","12/31/2025","-62143326.88","9545725.86","-575212.58","0.00","0.00","120000000.00","-62143326.88","LN","0.00","0.00","0.00","0.00","-62143326.88","9545725.86","-575212.58","0.00","0.00","0.00","0.00","0.00","0.00","-10061199.77","-10061199.77","52265998.54","0.00","0.00","0.00","0.00","0.00"
"2166","329069","1050202","000104460000093","1","1/31/2026","-57896948.99","4772862.93","-526485.04","0.00","0.00","120000000.00","-57896948.99","LN","0.00","0.00","0.00","0.00","-57896948.99","4772862.93","-526485.04","0.00","0.00","0.00","0.00","0.00","0.00","-10061199.77","-10061199.77","52265998.54","0.00","0.00","0.00","0.00","0.00"
"2167","332883","1050202","000104460000093","1","2/28/2026","-58341090.03","0.00","-444141.04","0.00","0.00","120000000.00","-58341090.03","LN","0.00","0.00","0.00","0.00","-58341090.03","0.00","-444141.04","0.00","0.00","0.00","0.00","0.00","0.00","-10061199.77","-10061199.77","52265998.54","0.00","0.00","0.00","0.00","0.00"
"2168","336682","1050202","000104460000093","1","3/31/2026","-49262095.95","9545725.86","-466731.78","0.00","0.00","120000000.00","-49262095.95","LN","0.00","0.00","0.00","0.00","-49262095.95","9545725.86","-466731.78","0.00","0.00","0.00","0.00","0.00","0.00","-10061199.77","-10061199.77","52265998.54","0.00","0.00","0.00","0.00","0.00"
"2169","340462","1050202","000104460000093","1","4/30/2026","-44892819.19","4772862.93","-403586.17","0.00","0.00","120000000.00","-44892819.19","LN","0.00","0.00","0.00","0.00","-44892819.19","4772862.93","-403586.17","0.00","0.00","0.00","0.00","0.00","0.00","-10061199.77","-10061199.77","52265998.54","0.00","0.00","0.00","0.00","0.00"
"2170","344242","1050202","000104460000093","1","5/31/2026","-45274100.59","0.00","-381281.40","0.00","0.00","120000000.00","-45274100.59","LN","0.00","0.00","0.00","0.00","-45274100.59","0.00","-381281.40","0.00","0.00","0.00","0.00","0.00","0.00","-10061199.77","-10061199.77","52265998.54","0.00","0.00","0.00","0.00","0.00"
"2171","348022","1050202","000104460000093","1","6/30/2026","-36083491.34","9545725.86","-355116.61","0.00","0.00","120000000.00","-36083491.34","LN","0.00","0.00","0.00","0.00","-36083491.34","9545725.86","-355116.61","0.00","0.00","0.00","0.00","0.00","0.00","-10061199.77","-10061199.77","52265998.54","0.00","0.00","0.00","0.00","0.00"
"2172","351786","1050202","000104460000093","1","7/31/2026","-31615783.36","4772862.93","-305154.95","0.00","0.00","120000000.00","-31615783.36","LN","0.00","0.00","0.00","0.00","-31615783.36","4772862.93","-305154.95","0.00","0.00","0.00","0.00","0.00","0.00","-10061199.77","-10061199.77","52265998.54","0.00","0.00","0.00","0.00","0.00"
"2173","355552","1050202","000104460000093","1","8/31/2026","-27110130.45","4772862.93","-267210.02","0.00","0.00","120000000.00","-27110130.45","LN","0.00","0.00","0.00","0.00","-27110130.45","4772862.93","-267210.02","0.00","0.00","0.00","0.00","0.00","0.00","-10061199.77","-10061199.77","52265998.54","0.00","0.00","0.00","0.00","0.00"
"2174","256799","1050202","000104460000096","1","7/31/2024","-65541666.67","1101388.89","-66643055.56","0.00","0.00","65000000.00","-65541666.67","LN","0.00","0.00","0.00","0.00","-65541666.67","1101388.89","-66643055.56","0.00","0.00","0.00","0.00","0.00","0.00","0.00","0.00","0.00","0.00","0.00","0.00","0.00","0.00"
"2175","256800","1050202","000104460000096","1","8/31/2024","-65552648.40","541666.67","-552648.40","0.00","0.00","65000000.00","-65552648.40","LN","0.00","0.00","0.00","0.00","-65552648.40","541666.67","-552648.40","0.00","0.00","0.00","0.00","0.00","0.00","0.00","0.00","0.00","0.00","0.00","0.00","0.00","0.00"
"2176","256801","1050202","000104460000096","1","9/30/2024","-65545763.77","541666.67","-534782.04","0.00","0.00","65000000.00","-65545763.77","LN","0.00","0.00","0.00","0.00","-65545763.77","541666.67","-534782.04","0.00","0.00","0.00","0.00","0.00","0.00","0.00","0.00","0.00","0.00","0.00","0.00","0.00","0.00"
"2177","256802","1050202","000104460000096","1","10/31/2024","-65552342.40","546666.67","-553245.30","0.00","0.00","65000000.00","-65552342.40","LN","0.00","0.00","0.00","0.00","-65552342.40","546666.67","-553245.30","0.00","0.00","0.00","0.00","0.00","0.00","0.00","0.00","0.00","0.00","0.00","0.00","0.00","0.00"
"2178","256803","1050202","000104460000096","1","11/30/2024","-64583046.68","1500000.00","-530704.28","0.00","0.00","65000000.00","-64583046.68","LN","0.00","0.00","0.00","0.00","-64583046.68","1500000.00","-530704.28","0.00","0.00","0.00","0.00","0.00","0.00","0.00","0.00","0.00","0.00","0.00","0.00","0.00","0.00"
"2179","256804","1050202","000104460000096","1","12/31/2024","-63620875.41","1500000.00","-537828.73","0.00","0.00","65000000.00","-63620875.41","LN","0.00","0.00","0.00","0.00","-63620875.41","1500000.00","-537828.73","0.00","0.00","0.00","0.00","0.00","0.00","0.00","0.00","0.00","0.00","0.00","0.00","0.00","0.00"
"2180","256805","1050202","000104460000096","1","1/31/2025","-64178647.57","0.00","-557772.16","0.00","0.00","65000000.00","-64178647.57","LN","0.00","0.00","0.00","0.00","-64178647.57","0.00","-557772.16","0.00","0.00","0.00","0.00","0.00","0.00","0.00","0.00","0.00","0.00","0.00","0.00","0.00","0.00"
"2181","256806","1050202","000104460000096","1","2/28/2025","-61661935.77","6000000.00","-3483288.20","0.00","0.00","65000000.00","-61661935.77","LN","0.00","0.00","0.00","0.00","-61661935.77","6000000.00","-3483288.20","0.00","0.00","0.00","0.00","0.00","0.00","0.00","0.00","0.00","0.00","0.00","0.00","0.00","0.00"
"2182","256807","1050202","000104460000096","1","3/31/2025","-60699656.81","1500000.00","-537721.04","0.00","0.00","65000000.00","-60699656.81","LN","0.00","0.00","0.00","0.00","-60699656.81","1500000.00","-537721.04","0.00","0.00","0.00","0.00","0.00","0.00","0.00","0.00","0.00","0.00","0.00","0.00","0.00","0.00"
"2183","256808","1050202","000104460000096","1","4/30/2025","-61198558.01","0.00","-498901.20","0.00","0.00","65000000.00","-61198558.01","LN","0.00","0.00","0.00","0.00","-61198558.01","0.00","-498901.20","0.00","0.00","0.00","0.00","0.00","0.00","0.00","0.00","0.00","0.00","0.00","0.00","0.00","0.00"
"2184","256809","1050202","000104460000096","1","5/31/2025","-61718326.64","0.00","-519768.63","0.00","0.00","65000000.00","-61718326.64","LN","0.00","0.00","0.00","0.00","-61718326.64","0.00","-519768.63","0.00","0.00","0.00","0.00","0.00","0.00","0.00","0.00","0.00","0.00","0.00","0.00","0.00","0.00"
"2185","256810","1050202","000104460000096","1","6/30/2025","-60723956.70","1500000.00","-505630.06","0.00","0.00","65000000.00","-60723956.70","LN","0.00","0.00","0.00","0.00","-60723956.70","1500000.00","-505630.06","0.00","0.00","0.00","0.00","0.00","0.00","0.00","0.00","0.00","0.00","0.00","0.00","0.00","0.00"
"2186","256811","1050202","000104460000096","1","7/31/2025","-61239694.40","0.00","-515737.70","0.00","0.00","65000000.00","-61239694.40","LN","0.00","0.00","0.00","0.00","-61239694.40","0.00","-515737.70","0.00","0.00","0.00","0.00","0.00","0.00","0.00","0.00","0.00","0.00","0.00","0.00","0.00","0.00"
"2187","260891","1050202","000104460000096","1","8/31/2025","-61759223.12","0.00","-519528.72","0.00","0.00","65000000.00","-61759223.12","LN","0.00","0.00","0.00","0.00","-61759223.12","0.00","-519528.72","0.00","0.00","0.00","0.00","0.00","0.00","-3750269.11","-3750269.11","11731388.90","0.00","0.00","0.00","0.00","0.00"
"2188","268485","1050202","000104460000096","1","9/30/2025","-62266833.32","0.00","-507610.20","0.00","0.00","65000000.00","-62266833.32","LN","0.00","0.00","0.00","0.00","-62266833.32","0.00","-507610.20","0.00","0.00","0.00","0.00","0.00","0.00","-3750269.11","-3750269.11","11731388.90","0.00","0.00","0.00","0.00","0.00"
"2189","289085","1050202","000104460000096","1","10/31/2025","-58264853.03","4500000.00","-498019.71","0.00","0.00","65000000.00","-58264853.03","LN","0.00","0.00","0.00","0.00","-58264853.03","4500000.00","-498019.71","0.00","0.00","0.00","0.00","0.00","0.00","-3750269.11","-3750269.11","11731388.90","0.00","0.00","0.00","0.00","0.00"
"2190","292879","1050202","000104460000096","1","11/30/2025","-58743742.13","0.00","-478889.10","0.00","0.00","65000000.00","-58743742.13","LN","0.00","0.00","0.00","0.00","-58743742.13","0.00","-478889.10","0.00","0.00","0.00","0.00","0.00","0.00","-3750269.11","-3750269.11","11731388.90","0.00","0.00","0.00","0.00","0.00"
"2191","325272","1050202","000104460000096","1","12/31/2025","-59242661.71","0.00","-498919.58","0.00","0.00","65000000.00","-59242661.71","LN","0.00","0.00","0.00","0.00","-59242661.71","0.00","-498919.58","0.00","0.00","0.00","0.00","0.00","0.00","-3750269.11","-3750269.11","11731388.90","0.00","0.00","0.00","0.00","0.00"
"2192","329070","1050202","000104460000096","1","1/31/2026","-59745818.68","0.00","-503156.97","0.00","0.00","65000000.00","-59745818.68","LN","0.00","0.00","0.00","0.00","-59745818.68","0.00","-503156.97","0.00","0.00","0.00","0.00","0.00","0.00","-3750269.11","-3750269.11","11731388.90","0.00","0.00","0.00","0.00","0.00"
"2193","332884","1050202","000104460000096","1","2/28/2026","-60204142.84","0.00","-458324.16","0.00","0.00","65000000.00","-60204142.84","LN","0.00","0.00","0.00","0.00","-60204142.84","0.00","-458324.16","0.00","0.00","0.00","0.00","0.00","0.00","-3750269.11","-3750269.11","11731388.90","0.00","0.00","0.00","0.00","0.00"
"2194","336683","1050202","000104460000096","1","3/31/2026","-51146639.83","9532263.88","-474760.87","0.00","0.00","65000000.00","-51146639.83","LN","0.00","0.00","0.00","0.00","-51146639.83","9532263.88","-474760.87","0.00","0.00","0.00","0.00","0.00","0.00","-3750269.11","-3750269.11","11731388.90","0.00","0.00","0.00","0.00","0.00"
"2195","340463","1050202","000104460000096","1","4/30/2026","-51567023.23","0.00","-420383.40","0.00","0.00","65000000.00","-51567023.23","LN","0.00","0.00","0.00","0.00","-51567023.23","0.00","-420383.40","0.00","0.00","0.00","0.00","0.00","0.00","-3750269.11","-3750269.11","11731388.90","0.00","0.00","0.00","0.00","0.00"
"2196","344243","1050202","000104460000096","1","5/31/2026","-52004989.68","0.00","-437966.45","0.00","0.00","65000000.00","-52004989.68","LN","0.00","0.00","0.00","0.00","-52004989.68","0.00","-437966.45","0.00","0.00","0.00","0.00","0.00","0.00","-3750269.11","-3750269.11","11731388.90","0.00","0.00","0.00","0.00","0.00"
"2197","348023","1050202","000104460000096","1","6/30/2026","-52432427.88","0.00","-427438.20","0.00","0.00","65000000.00","-52432427.88","LN","0.00","0.00","0.00","0.00","-52432427.88","0.00","-427438.20","0.00","0.00","0.00","0.00","0.00","0.00","-3750269.11","-3750269.11","11731388.90","0.00","0.00","0.00","0.00","0.00"
"2198","351787","1050202","000104460000096","1","7/31/2026","-45358668.13","7498532.40","-424772.65","0.00","0.00","65000000.00","-45358668.13","LN","0.00","0.00","0.00","0.00","-45358668.13","7498532.40","-424772.65","0.00","0.00","0.00","0.00","0.00","0.00","-3750269.11","-3750269.11","11731388.90","0.00","0.00","0.00","0.00","0.00"
"2199","355553","1050202","000104460000096","1","8/31/2026","-45743906.06","0.00","-385237.93","0.00","0.00","65000000.00","-45743906.06","LN","0.00","0.00","0.00","0.00","-45743906.06","0.00","-385237.93","0.00","0.00","0.00","0.00","0.00","0.00","-3750269.11","-3750269.11","11731388.90","0.00","0.00","0.00","0.00","0.00"
"2200","256812","1050202","000104460000098","1","7/31/2024","-406888888.89","0.00","-406888888.89","0.00","0.00","400000000.00","-406888888.89","LN","0.00","0.00","0.00","0.00","-406888888.89","0.00","-406888888.89","0.00","0.00","0.00","0.00","0.00","0.00","0.00","0.00","0.00","0.00","0.00","0.00","0.00","0.00"
"2201","256813","1050202","000104460000098","1","8/31/2024","-410344657.54","0.00","-3455768.65","0.00","0.00","400000000.00","-410344657.54","LN","0.00","0.00","0.00","0.00","-410344657.54","0.00","-3455768.65","0.00","0.00","0.00","0.00","0.00","0.00","0.00","0.00","0.00","0.00","0.00","0.00","0.00","0.00"
"2202","256814","1050202","000104460000098","1","9/30/2024","-403419514.70","10222222.22","-3297079.38","0.00","0.00","400000000.00","-403419514.70","LN","0.00","0.00","0.00","0.00","-403419514.70","10222222.22","-3297079.38","0.00","0.00","0.00","0.00","0.00","0.00","0.00","0.00","0.00","0.00","0.00","0.00","0.00","0.00"
"2203","256815","1050202","000104460000098","1","10/31/2024","-403516713.47","3314574.32","-3411773.09","0.00","0.00","400000000.00","-403516713.47","LN","0.00","0.00","0.00","0.00","-403516713.47","3314574.32","-3411773.09","0.00","0.00","0.00","0.00","0.00","0.00","0.00","0.00","0.00","0.00","0.00","0.00","0.00","0.00"
"2204","256816","1050202","000104460000098","1","11/30/2024","-403499042.50","3333333.33","-3315662.36","0.00","0.00","400000000.00","-403499042.50","LN","0.00","0.00","0.00","0.00","-403499042.50","3333333.33","-3315662.36","0.00","0.00","0.00","0.00","0.00","0.00","0.00","0.00","0.00","0.00","0.00","0.00","0.00","0.00"
"2205","256817","1050202","000104460000098","1","12/31/2024","-403566203.29","3333333.33","-3400494.12","0.00","0.00","400000000.00","-403566203.29","LN","0.00","0.00","0.00","0.00","-403566203.29","3333333.33","-3400494.12","0.00","0.00","0.00","0.00","0.00","0.00","0.00","0.00","0.00","0.00","0.00","0.00","0.00","0.00"
"2206","256818","1050202","000104460000098","1","1/31/2025","-403770071.28","3333333.33","-3537201.32","0.00","0.00","400000000.00","-403770071.28","LN","0.00","0.00","0.00","0.00","-403770071.28","3333333.33","-3537201.32","0.00","0.00","0.00","0.00","0.00","0.00","0.00","0.00","0.00","0.00","0.00","0.00","0.00","0.00"
"2207","256819","1050202","000104460000098","1","2/28/2025","-395256147.96","11576449.71","-3062526.39","0.00","0.00","400000000.00","-395256147.96","LN","0.00","0.00","0.00","0.00","-395256147.96","11576449.71","-3062526.39","0.00","0.00","0.00","0.00","0.00","0.00","0.00","0.00","0.00","0.00","0.00","0.00","0.00","0.00"
"2208","256820","1050202","000104460000098","1","3/31/2025","-398721407.48","0.00","-3465259.52","0.00","0.00","400000000.00","-398721407.48","LN","0.00","0.00","0.00","0.00","-398721407.48","0.00","-3465259.52","0.00","0.00","0.00","0.00","0.00","0.00","0.00","0.00","0.00","0.00","0.00","0.00","0.00","0.00"
"2209","256821","1050202","000104460000098","1","4/30/2025","-395502683.28","6460486.60","-3241762.40","0.00","0.00","400000000.00","-395502683.28","LN","0.00","0.00","0.00","0.00","-395502683.28","6460486.60","-3241762.40","0.00","0.00","0.00","0.00","0.00","0.00","0.00","0.00","0.00","0.00","0.00","0.00","0.00","0.00"
"2210","256822","1050202","000104460000098","1","5/31/2025","-398861747.18","0.00","-3359063.90","0.00","0.00","400000000.00","-398861747.18","LN","0.00","0.00","0.00","0.00","-398861747.18","0.00","-3359063.90","0.00","0.00","0.00","0.00","0.00","0.00","0.00","0.00","0.00","0.00","0.00","0.00","0.00","0.00"
"2211","256823","1050202","000104460000098","1","6/30/2025","-402140062.88","0.00","-3278315.70","0.00","0.00","400000000.00","-402140062.88","LN","0.00","0.00","0.00","0.00","-402140062.88","0.00","-3278315.70","0.00","0.00","0.00","0.00","0.00","0.00","0.00","0.00","0.00","0.00","0.00","0.00","0.00","0.00"
"2212","256824","1050202","000104460000098","1","7/31/2025","-405555499.04","0.00","-3415436.16","0.00","0.00","400000000.00","-405555499.04","LN","0.00","0.00","0.00","0.00","-405555499.04","0.00","-3415436.16","0.00","0.00","0.00","0.00","0.00","0.00","0.00","0.00","0.00","0.00","0.00","0.00","0.00","0.00"
"2213","260892","1050202","000104460000098","1","8/31/2025","-406081096.52","2913452.64","-3439050.12","0.00","0.00","400000000.00","-406081096.52","LN","0.00","0.00","0.00","0.00","-406081096.52","2913452.64","-3439050.12","0.00","0.00","0.00","0.00","0.00","0.00","-30165436.31","-30165436.31","38240399.51","0.00","0.00","0.00","0.00","0.00"
"2214","268486","1050202","000104460000098","1","9/30/2025","-409418749.22","0.00","-3337652.70","0.00","0.00","400000000.00","-409418749.22","LN","0.00","0.00","0.00","0.00","-409418749.22","0.00","-3337652.70","0.00","0.00","0.00","0.00","0.00","0.00","-30165436.31","-30165436.31","38240399.51","0.00","0.00","0.00","0.00","0.00"
"2215","289086","1050202","000104460000098","1","10/31/2025","-412896004.34","0.00","-3477255.12","0.00","0.00","400000000.00","-412896004.34","LN","0.00","0.00","0.00","0.00","-412896004.34","0.00","-3477255.12","0.00","0.00","0.00","0.00","0.00","0.00","-30165436.31","-30165436.31","38240399.51","0.00","0.00","0.00","0.00","0.00"
"2216","292880","1050202","000104460000098","1","11/30/2025","-401798212.60","14487488.27","-3389696.53","0.00","0.00","400000000.00","-401798212.60","LN","0.00","0.00","0.00","0.00","-401798212.60","14487488.27","-3389696.53","0.00","0.00","0.00","0.00","0.00","0.00","-30165436.31","-30165436.31","38240399.51","0.00","0.00","0.00","0.00","0.00"
"2217","325273","1050202","000104460000098","1","12/31/2025","-402574690.35","2621689.55","-3398167.30","0.00","0.00","400000000.00","-402574690.35","LN","0.00","0.00","0.00","0.00","-402574690.35","2621689.55","-3398167.30","0.00","0.00","0.00","0.00","0.00","0.00","-30165436.31","-30165436.31","38240399.51","0.00","0.00","0.00","0.00","0.00"
"2218","329071","1050202","000104460000098","1","1/31/2026","-403445897.24","2547222.88","-3418429.77","0.00","0.00","400000000.00","-403445897.24","LN","0.00","0.00","0.00","0.00","-403445897.24","2547222.88","-3418429.77","0.00","0.00","0.00","0.00","0.00","0.00","-30165436.31","-30165436.31","38240399.51","0.00","0.00","0.00","0.00","0.00"
"2219","332885","1050202","000104460000098","1","2/28/2026","-395563733.86","10974084.14","-3091920.76","0.00","0.00","400000000.00","-395563733.86","LN","0.00","0.00","0.00","0.00","-395563733.86","10974084.14","-3091920.76","0.00","0.00","0.00","0.00","0.00","0.00","-30165436.31","-30165436.31","38240399.51","0.00","0.00","0.00","0.00","0.00"
"2220","336684","1050202","000104460000098","1","3/31/2026","-398923316.39","0.00","-3359582.53","0.00","0.00","400000000.00","-398923316.39","LN","0.00","0.00","0.00","0.00","-398923316.39","0.00","-3359582.53","0.00","0.00","0.00","0.00","0.00","0.00","-30165436.31","-30165436.31","38240399.51","0.00","0.00","0.00","0.00","0.00"
"2221","340464","1050202","000104460000098","1","4/30/2026","-402202138.19","0.00","-3278821.80","0.00","0.00","400000000.00","-402202138.19","LN","0.00","0.00","0.00","0.00","-402202138.19","0.00","-3278821.80","0.00","0.00","0.00","0.00","0.00","0.00","-30165436.31","-30165436.31","38240399.51","0.00","0.00","0.00","0.00","0.00"
"2222","344244","1050202","000104460000098","1","5/31/2026","-363265901.47","42213416.35","-3277179.63","0.00","0.00","400000000.00","-363265901.47","LN","0.00","0.00","0.00","0.00","-363265901.47","42213416.35","-3277179.63","0.00","0.00","0.00","0.00","0.00","0.00","-30165436.31","-30165436.31","38240399.51","0.00","0.00","0.00","0.00","0.00"
"2223","348024","1050202","000104460000098","1","6/30/2026","-366251648.47","0.00","-2985747.00","0.00","0.00","400000000.00","-366251648.47","LN","0.00","0.00","0.00","0.00","-366251648.47","0.00","-2985747.00","0.00","0.00","0.00","0.00","0.00","0.00","-30165436.31","-30165436.31","38240399.51","0.00","0.00","0.00","0.00","0.00"
"2224","351788","1050202","000104460000098","1","7/31/2026","-331741477.61","37579618.22","-3069447.36","0.00","0.00","400000000.00","-331741477.61","LN","0.00","0.00","0.00","0.00","-331741477.61","37579618.22","-3069447.36","0.00","0.00","0.00","0.00","0.00","0.00","-30165436.31","-30165436.31","38240399.51","0.00","0.00","0.00","0.00","0.00"
"2225","355554","1050202","000104460000098","1","8/31/2026","-334559008.09","0.00","-2817530.48","0.00","0.00","400000000.00","-334559008.09","LN","0.00","0.00","0.00","0.00","-334559008.09","0.00","-2817530.48","0.00","0.00","0.00","0.00","0.00","0.00","-30165436.31","-30165436.31","38240399.51","0.00","0.00","0.00","0.00","0.00"
"2226","256825","1050202","000104460000099","1","7/31/2024","-110124230.38","0.00","-110124230.38","0.00","0.00","108431000.00","-110124230.38","LN","0.00","0.00","0.00","0.00","-110124230.38","0.00","-110124230.38","0.00","0.00","0.00","0.00","0.00","0.00","0.00","0.00","0.00","0.00","0.00","0.00","0.00","0.00"
"2227","256826","1050202","000104460000099","1","8/31/2024","-111059532.06","0.00","-935301.68","0.00","0.00","108431000.00","-111059532.06","LN","0.00","0.00","0.00","0.00","-111059532.06","0.00","-935301.68","0.00","0.00","0.00","0.00","0.00","0.00","0.00","0.00","0.00","0.00","0.00","0.00","0.00","0.00"
"2228","256827","1050202","000104460000099","1","9/30/2024","-111972350.13","0.00","-912818.07","0.00","0.00","108431000.00","-111972350.13","LN","0.00","0.00","0.00","0.00","-111972350.13","0.00","-912818.07","0.00","0.00","0.00","0.00","0.00","0.00","0.00","0.00","0.00","0.00","0.00","0.00","0.00","0.00"
"2229","256828","1050202","000104460000099","1","10/31/2024","-112923348.17","0.00","-950998.04","0.00","0.00","108431000.00","-112923348.17","LN","0.00","0.00","0.00","0.00","-112923348.17","0.00","-950998.04","0.00","0.00","0.00","0.00","0.00","0.00","0.00","0.00","0.00","0.00","0.00","0.00","0.00","0.00"
"2230","256829","1050202","000104460000099","1","11/30/2024","-113851485.17","0.00","-928137.00","0.00","0.00","108431000.00","-113851485.17","LN","0.00","0.00","0.00","0.00","-113851485.17","0.00","-928137.00","0.00","0.00","0.00","0.00","0.00","0.00","0.00","0.00","0.00","0.00","0.00","0.00","0.00","0.00"
"2231","256830","1050202","000104460000099","1","12/31/2024","-108362322.74","6454352.00","-965189.57","0.00","0.00","108431000.00","-108362322.74","LN","0.00","0.00","0.00","0.00","-108362322.74","6454352.00","-965189.57","0.00","0.00","0.00","0.00","0.00","0.00","0.00","0.00","0.00","0.00","0.00","0.00","0.00","0.00"
"2232","256831","1050202","000104460000099","1","1/31/2025","-106084288.50","3227176.00","-949141.76","0.00","0.00","108431000.00","-106084288.50","LN","0.00","0.00","0.00","0.00","-106084288.50","3227176.00","-949141.76","0.00","0.00","0.00","0.00","0.00","0.00","0.00","0.00","0.00","0.00","0.00","0.00","0.00","0.00"
"2233","256832","1050202","000104460000099","1","2/28/2025","-106898085.82","0.00","-813797.32","0.00","0.00","108431000.00","-106898085.82","LN","0.00","0.00","0.00","0.00","-106898085.82","0.00","-813797.32","0.00","0.00","0.00","0.00","0.00","0.00","0.00","0.00","0.00","0.00","0.00","0.00","0.00","0.00"
"2234","256833","1050202","000104460000099","1","3/31/2025","-104601909.50","3227176.00","-930999.68","0.00","0.00","108431000.00","-104601909.50","LN","0.00","0.00","0.00","0.00","-104601909.50","3227176.00","-930999.68","0.00","0.00","0.00","0.00","0.00","0.00","0.00","0.00","0.00","0.00","0.00","0.00","0.00","0.00"
"2235","256834","1050202","000104460000099","1","4/30/2025","-98980774.50","6454352.00","-833217.00","0.00","0.00","108431000.00","-98980774.50","LN","0.00","0.00","0.00","0.00","-98980774.50","6454352.00","-833217.00","0.00","0.00","0.00","0.00","0.00","0.00","0.00","0.00","0.00","0.00","0.00","0.00","0.00","0.00"
"2236","256835","1050202","000104460000099","1","5/31/2025","-96593372.96","3227176.00","-839774.46","0.00","0.00","108431000.00","-96593372.96","LN","0.00","0.00","0.00","0.00","-96593372.96","3227176.00","-839774.46","0.00","0.00","0.00","0.00","0.00","0.00","0.00","0.00","0.00","0.00","0.00","0.00","0.00","0.00"
"2237","256836","1050202","000104460000099","1","6/30/2025","-97387291.16","0.00","-793918.20","0.00","0.00","108431000.00","-97387291.16","LN","0.00","0.00","0.00","0.00","-97387291.16","0.00","-793918.20","0.00","0.00","0.00","0.00","0.00","0.00","0.00","0.00","0.00","0.00","0.00","0.00","0.00","0.00"
"2238","256837","1050202","000104460000099","1","7/31/2025","-88199440.26","9993670.50","-805819.60","0.00","0.00","108431000.00","-88199440.26","LN","0.00","0.00","0.00","0.00","-88199440.26","9993670.50","-805819.60","0.00","0.00","0.00","0.00","0.00","0.00","0.00","0.00","0.00","0.00","0.00","0.00","0.00","0.00"
"2239","260893","1050202","000104460000099","1","8/31/2025","-88947511.11","0.00","-748070.85","0.00","0.00","108431000.00","-88947511.11","LN","0.00","0.00","0.00","0.00","-88947511.11","0.00","-748070.85","0.00","0.00","0.00","0.00","0.00","0.00","-9181218.44","-9181218.44","32583902.50","0.00","0.00","0.00","0.00","0.00"
"2240","268487","1050202","000104460000099","1","9/30/2025","-81968303.79","7666176.00","-686968.68","0.00","0.00","108431000.00","-81968303.79","LN","0.00","0.00","0.00","0.00","-81968303.79","7666176.00","-686968.68","0.00","0.00","0.00","0.00","0.00","0.00","-9181218.44","-9181218.44","32583902.50","0.00","0.00","0.00","0.00","0.00"
"2241","289087","1050202","000104460000099","1","10/31/2025","-72932547.85","9681528.00","-645772.06","0.00","0.00","108431000.00","-72932547.85","LN","0.00","0.00","0.00","0.00","-72932547.85","9681528.00","-645772.06","0.00","0.00","0.00","0.00","0.00","0.00","-9181218.44","-9181218.44","32583902.50","0.00","0.00","0.00","0.00","0.00"
"2242","292881","1050202","000104460000099","1","11/30/2025","-70301280.81","3227176.00","-595908.96","0.00","0.00","108431000.00","-70301280.81","LN","0.00","0.00","0.00","0.00","-70301280.81","3227176.00","-595908.96","0.00","0.00","0.00","0.00","0.00","0.00","-9181218.44","-9181218.44","32583902.50","0.00","0.00","0.00","0.00","0.00"
"2243","325274","1050202","000104460000099","1","12/31/2025","-67653501.03","6454352.00","-3806572.22","0.00","0.00","108431000.00","-67653501.03","LN","0.00","0.00","0.00","0.00","-67653501.03","6454352.00","-3806572.22","0.00","0.00","0.00","0.00","0.00","0.00","-9181218.44","-9181218.44","32583902.50","0.00","0.00","0.00","0.00","0.00"
"2244","329072","1050202","000104460000099","1","1/31/2026","-68228092.54","0.00","-574591.51","0.00","0.00","108431000.00","-68228092.54","LN","0.00","0.00","0.00","0.00","-68228092.54","0.00","-574591.51","0.00","0.00","0.00","0.00","0.00","0.00","-9181218.44","-9181218.44","32583902.50","0.00","0.00","0.00","0.00","0.00"
"2245","332886","1050202","000104460000099","1","2/28/2026","-65503974.50","3227176.00","-503057.96","0.00","0.00","108431000.00","-65503974.50","LN","0.00","0.00","0.00","0.00","-65503974.50","3227176.00","-503057.96","0.00","0.00","0.00","0.00","0.00","0.00","-9181218.44","-9181218.44","32583902.50","0.00","0.00","0.00","0.00","0.00"
"2246","336685","1050202","000104460000099","1","3/31/2026","-62815450.49","3227176.00","-538651.99","0.00","0.00","108431000.00","-62815450.49","LN","0.00","0.00","0.00","0.00","-62815450.49","3227176.00","-538651.99","0.00","0.00","0.00","0.00","0.00","0.00","-9181218.44","-9181218.44","32583902.50","0.00","0.00","0.00","0.00","0.00"
"2247","340465","1050202","000104460000099","1","4/30/2026","-60089535.07","3227176.00","-501260.58","0.00","0.00","108431000.00","-60089535.07","LN","0.00","0.00","0.00","0.00","-60089535.07","3227176.00","-501260.58","0.00","0.00","0.00","0.00","0.00","0.00","-9181218.44","-9181218.44","32583902.50","0.00","0.00","0.00","0.00","0.00"
"2248","344245","1050202","000104460000099","1","5/31/2026","-57362098.74","3227176.00","-499739.67","0.00","0.00","108431000.00","-57362098.74","LN","0.00","0.00","0.00","0.00","-57362098.74","3227176.00","-499739.67","0.00","0.00","0.00","0.00","0.00","0.00","-9181218.44","-9181218.44","32583902.50","0.00","0.00","0.00","0.00","0.00"
"2249","348025","1050202","000104460000099","1","6/30/2026","3227176.00","60589274.74","0.00","0.00","0.00","108431000.00","3227176.00","LN","0.00","0.00","0.00","0.00","3227176.00","60589274.74","0.00","0.00","0.00","0.00","0.00","0.00","0.00","-9181218.44","-9181218.44","32583902.50","0.00","0.00","0.00","0.00","0.00"
"2250","351789","1050202","000104460000099","1","7/31/2026","3227176.00","0.00","0.00","0.00","0.00","108431000.00","3227176.00","LN","0.00","0.00","0.00","0.00","3227176.00","0.00","0.00","0.00","0.00","0.00","0.00","0.00","0.00","-9181218.44","-9181218.44","32583902.50","0.00","0.00","0.00","0.00","0.00"
"2251","355555","1050202","000104460000099","1","8/31/2026","3227176.00","0.00","0.00","0.00","0.00","108431000.00","3227176.00","LN","0.00","0.00","0.00","0.00","3227176.00","0.00","0.00","0.00","0.00","0.00","0.00","0.00","0.00","-9181218.44","-9181218.44","32583902.50","0.00","0.00","0.00","0.00","0.00"
"2252","256838","1050202","000104460000104","1","10/31/2024","-200235616.44","0.00","-200235616.44","0.00","0.00","425000000.00","-200235616.44","LN","0.00","0.00","0.00","0.00","-200235616.44","0.00","-200235616.44","0.00","0.00","0.00","0.00","0.00","0.00","0.00","0.00","0.00","0.00","0.00","0.00","0.00","0.00"
"2253","256839","1050202","000104460000104","1","11/30/2024","-427682758.46","0.00","-227447142.02","0.00","0.00","425000000.00","-427682758.46","LN","0.00","0.00","0.00","0.00","-427682758.46","0.00","-227447142.02","0.00","0.00","0.00","0.00","0.00","0.00","0.00","0.00","0.00","0.00","0.00","0.00","0.00","0.00"
"2254","256840","1050202","000104460000104","1","12/31/2024","-431315132.62","0.00","-3632374.16","0.00","0.00","425000000.00","-431315132.62","LN","0.00","0.00","0.00","0.00","-431315132.62","0.00","-3632374.16","0.00","0.00","0.00","0.00","0.00","0.00","0.00","0.00","0.00","0.00","0.00","0.00","0.00","0.00"
"2255","256841","1050202","000104460000104","1","1/31/2025","-435096525.58","0.00","-3781392.96","0.00","0.00","425000000.00","-435096525.58","LN","0.00","0.00","0.00","0.00","-435096525.58","0.00","-3781392.96","0.00","0.00","0.00","0.00","0.00","0.00","0.00","0.00","0.00","0.00","0.00","0.00","0.00","0.00"
"2256","256842","1050202","000104460000104","1","2/28/2025","-438434252.42","0.00","-3337726.84","0.00","0.00","425000000.00","-438434252.42","LN","0.00","0.00","0.00","0.00","-438434252.42","0.00","-3337726.84","0.00","0.00","0.00","0.00","0.00","0.00","0.00","0.00","0.00","0.00","0.00","0.00","0.00","0.00"
"2257","256843","1050202","000104460000104","1","3/31/2025","-442278059.46","0.00","-3843807.04","0.00","0.00","425000000.00","-442278059.46","LN","0.00","0.00","0.00","0.00","-442278059.46","0.00","-3843807.04","0.00","0.00","0.00","0.00","0.00","0.00","0.00","0.00","0.00","0.00","0.00","0.00","0.00","0.00"
"2258","256844","1050202","000104460000104","1","4/30/2025","-445913221.56","0.00","-3635162.10","0.00","0.00","425000000.00","-445913221.56","LN","0.00","0.00","0.00","0.00","-445913221.56","0.00","-3635162.10","0.00","0.00","0.00","0.00","0.00","0.00","0.00","0.00","0.00","0.00","0.00","0.00","0.00","0.00"
"2259","256845","1050202","000104460000104","1","5/31/2025","-449700429.87","0.00","-3787208.31","0.00","0.00","425000000.00","-449700429.87","LN","0.00","0.00","0.00","0.00","-449700429.87","0.00","-3787208.31","0.00","0.00","0.00","0.00","0.00","0.00","0.00","0.00","0.00","0.00","0.00","0.00","0.00","0.00"
"2260","256846","1050202","000104460000104","1","6/30/2025","-453396597.87","0.00","-3696168.00","0.00","0.00","425000000.00","-453396597.87","LN","0.00","0.00","0.00","0.00","-453396597.87","0.00","-3696168.00","0.00","0.00","0.00","0.00","0.00","0.00","0.00","0.00","0.00","0.00","0.00","0.00","0.00","0.00"
"2261","256847","1050202","000104460000104","1","7/31/2025","-457247363.62","0.00","-3850765.75","0.00","0.00","425000000.00","-457247363.62","LN","0.00","0.00","0.00","0.00","-457247363.62","0.00","-3850765.75","0.00","0.00","0.00","0.00","0.00","0.00","0.00","0.00","0.00","0.00","0.00","0.00","0.00","0.00"
"2262","260894","1050202","000104460000104","1","8/31/2025","-461126621.97","0.00","-3879258.35","0.00","0.00","425000000.00","-461126621.97","LN","0.00","0.00","0.00","0.00","-461126621.97","0.00","-3879258.35","0.00","0.00","0.00","0.00","0.00","0.00","-13434252.42","-13434252.42","0.00","0.00","0.00","0.00","0.00","0.00"
"2263","268488","1050202","000104460000104","1","9/30/2025","-464916703.77","0.00","-3790081.80","0.00","0.00","425000000.00","-464916703.77","LN","0.00","0.00","0.00","0.00","-464916703.77","0.00","-3790081.80","0.00","0.00","0.00","0.00","0.00","0.00","-13434252.42","-13434252.42","0.00","0.00","0.00","0.00","0.00","0.00"
"2264","289088","1050202","000104460000104","1","10/31/2025","-456862023.74","12000000.00","-3945319.97","0.00","0.00","425000000.00","-456862023.74","LN","0.00","0.00","0.00","0.00","-456862023.74","12000000.00","-3945319.97","0.00","0.00","0.00","0.00","0.00","0.00","-13434252.42","-13434252.42","0.00","0.00","0.00","0.00","0.00","0.00"
"2265","292882","1050202","000104460000104","1","11/30/2025","-448607191.13","12000000.00","-3745167.39","0.00","0.00","425000000.00","-448607191.13","LN","0.00","0.00","0.00","0.00","-448607191.13","12000000.00","-3745167.39","0.00","0.00","0.00","0.00","0.00","0.00","-13434252.42","-13434252.42","0.00","0.00","0.00","0.00","0.00","0.00"
"2266","325275","1050202","000104460000104","1","12/31/2025","-452417279.61","0.00","-3810088.48","0.00","0.00","425000000.00","-452417279.61","LN","0.00","0.00","0.00","0.00","-452417279.61","0.00","-3810088.48","0.00","0.00","0.00","0.00","0.00","0.00","-13434252.42","-13434252.42","0.00","0.00","0.00","0.00","0.00","0.00"
"2267","329073","1050202","000104460000104","1","1/31/2026","-448236714.06","8000000.00","-3819434.45","0.00","0.00","425000000.00","-448236714.06","LN","0.00","0.00","0.00","0.00","-448236714.06","8000000.00","-3819434.45","0.00","0.00","0.00","0.00","0.00","0.00","-13434252.42","-13434252.42","0.00","0.00","0.00","0.00","0.00","0.00"
"2268","332887","1050202","000104460000104","1","2/28/2026","-451675242.30","0.00","-3438528.24","0.00","0.00","425000000.00","-451675242.30","LN","0.00","0.00","0.00","0.00","-451675242.30","0.00","-3438528.24","0.00","0.00","0.00","0.00","0.00","0.00","-13434252.42","-13434252.42","0.00","0.00","0.00","0.00","0.00","0.00"
"2269","336686","1050202","000104460000104","1","3/31/2026","-447487278.56","8000000.00","-3812036.26","0.00","0.00","425000000.00","-447487278.56","LN","0.00","0.00","0.00","0.00","-447487278.56","8000000.00","-3812036.26","0.00","0.00","0.00","0.00","0.00","0.00","-13434252.42","-13434252.42","0.00","0.00","0.00","0.00","0.00","0.00"
"2270","340466","1050202","000104460000104","1","4/30/2026","-447164160.17","4000000.00","-3676881.61","0.00","0.00","425000000.00","-447164160.17","LN","0.00","0.00","0.00","0.00","-447164160.17","4000000.00","-3676881.61","0.00","0.00","0.00","0.00","0.00","0.00","-13434252.42","-13434252.42","0.00","0.00","0.00","0.00","0.00","0.00"
"2271","344246","1050202","000104460000104","1","5/31/2026","-446960896.91","4000000.00","-3796736.74","0.00","0.00","425000000.00","-446960896.91","LN","0.00","0.00","0.00","0.00","-446960896.91","4000000.00","-3796736.74","0.00","0.00","0.00","0.00","0.00","0.00","-13434252.42","-13434252.42","0.00","0.00","0.00","0.00","0.00","0.00"
"2272","348026","1050202","000104460000104","1","6/30/2026","-446632356.33","4000000.00","-3671459.42","0.00","0.00","425000000.00","-446632356.33","LN","0.00","0.00","0.00","0.00","-446632356.33","4000000.00","-3671459.42","0.00","0.00","0.00","0.00","0.00","0.00","-13434252.42","-13434252.42","0.00","0.00","0.00","0.00","0.00","0.00"
"2273","351790","1050202","000104460000104","1","7/31/2026","-446421288.70","4000000.00","-3788932.37","0.00","0.00","425000000.00","-446421288.70","LN","0.00","0.00","0.00","0.00","-446421288.70","4000000.00","-3788932.37","0.00","0.00","0.00","0.00","0.00","0.00","-13434252.42","-13434252.42","0.00","0.00","0.00","0.00","0.00","0.00"
"2274","355556","1050202","000104460000104","1","8/31/2026","-446211716.01","4000000.00","-3790427.31","0.00","0.00","425000000.00","-446211716.01","LN","0.00","0.00","0.00","0.00","-446211716.01","4000000.00","-3790427.31","0.00","0.00","0.00","0.00","0.00","0.00","-13434252.42","-13434252.42","0.00","0.00","0.00","0.00","0.00","0.00"
"2275","256848","1050202","000104460000105","1","11/30/2024","-100821917.80","0.00","-100821917.80","0.00","0.00","100000000.00","-100821917.80","LN","0.00","0.00","0.00","0.00","-100821917.80","0.00","-100821917.80","0.00","0.00","0.00","0.00","0.00","0.00","0.00","0.00","0.00","0.00","0.00","0.00","0.00","0.00"
"2276","256849","1050202","000104460000105","1","12/31/2024","-101678213.44","0.00","-856295.64","0.00","0.00","100000000.00","-101678213.44","LN","0.00","0.00","0.00","0.00","-101678213.44","0.00","-856295.64","0.00","0.00","0.00","0.00","0.00","0.00","0.00","0.00","0.00","0.00","0.00","0.00","0.00","0.00"
"2277","256850","1050202","000104460000105","1","1/31/2025","-102569638.72","0.00","-891425.28","0.00","0.00","100000000.00","-102569638.72","LN","0.00","0.00","0.00","0.00","-102569638.72","0.00","-891425.28","0.00","0.00","0.00","0.00","0.00","0.00","0.00","0.00","0.00","0.00","0.00","0.00","0.00","0.00"
"2278","256851","1050202","000104460000105","1","2/28/2025","-103356474.28","0.00","-786835.56","0.00","0.00","100000000.00","-103356474.28","LN","0.00","0.00","0.00","0.00","-103356474.28","0.00","-786835.56","0.00","0.00","0.00","0.00","0.00","0.00","0.00","0.00","0.00","0.00","0.00","0.00","0.00","0.00"
"2279","256852","1050202","000104460000105","1","3/31/2025","-103405697.74","854340.76","-903564.22","0.00","0.00","100000000.00","-103405697.74","LN","0.00","0.00","0.00","0.00","-103405697.74","854340.76","-903564.22","0.00","0.00","0.00","0.00","0.00","0.00","0.00","0.00","0.00","0.00","0.00","0.00","0.00","0.00"
"2280","256853","1050202","000104460000105","1","4/30/2025","-103399394.32","854340.76","-848037.34","0.00","0.00","100000000.00","-103399394.32","LN","0.00","0.00","0.00","0.00","-103399394.32","854340.76","-848037.34","0.00","0.00","0.00","0.00","0.00","0.00","0.00","0.00","0.00","0.00","0.00","0.00","0.00","0.00"
"2281","256854","1050202","000104460000105","1","5/31/2025","-100516336.45","3757406.32","-874348.45","0.00","0.00","100000000.00","-100516336.45","LN","0.00","0.00","0.00","0.00","-100516336.45","3757406.32","-874348.45","0.00","0.00","0.00","0.00","0.00","0.00","0.00","0.00","0.00","0.00","0.00","0.00","0.00","0.00"
"2282","256855","1050202","000104460000105","1","6/30/2025","-101342498.05","0.00","-826161.60","0.00","0.00","100000000.00","-101342498.05","LN","0.00","0.00","0.00","0.00","-101342498.05","0.00","-826161.60","0.00","0.00","0.00","0.00","0.00","0.00","0.00","0.00","0.00","0.00","0.00","0.00","0.00","0.00"
"2283","256856","1050202","000104460000105","1","7/31/2025","-98385023.84","3795315.56","-837841.35","0.00","0.00","100000000.00","-98385023.84","LN","0.00","0.00","0.00","0.00","-98385023.84","3795315.56","-837841.35","0.00","0.00","0.00","0.00","0.00","0.00","0.00","0.00","0.00","0.00","0.00","0.00","0.00","0.00"
"2284","260895","1050202","000104460000105","1","8/31/2025","-96314976.16","2903065.56","-833017.88","0.00","0.00","100000000.00","-96314976.16","LN","0.00","0.00","0.00","0.00","-96314976.16","2903065.56","-833017.88","0.00","0.00","0.00","0.00","0.00","0.00","-3356474.28","-3356474.28","9261403.40","0.00","0.00","0.00","0.00","0.00"
"2285","268489","1050202","000104460000105","1","9/30/2025","-94188127.04","2903365.56","-776516.44","0.00","0.00","100000000.00","-94188127.04","LN","0.00","0.00","0.00","0.00","-94188127.04","2903365.56","-776516.44","0.00","0.00","0.00","0.00","0.00","0.00","-3356474.28","-3356474.28","9261403.40","0.00","0.00","0.00","0.00","0.00"
"2286","289089","1050202","000104460000105","1","10/31/2025","-92082629.47","2903065.56","-797567.99","0.00","0.00","100000000.00","-92082629.47","LN","0.00","0.00","0.00","0.00","-92082629.47","2903065.56","-797567.99","0.00","0.00","0.00","0.00","0.00","0.00","-3356474.28","-3356474.28","9261403.40","0.00","0.00","0.00","0.00","0.00"
"2287","292883","1050202","000104460000105","1","11/30/2025","-89920500.31","2903065.56","-740936.40","0.00","0.00","100000000.00","-89920500.31","LN","0.00","0.00","0.00","0.00","-89920500.31","2903065.56","-740936.40","0.00","0.00","0.00","0.00","0.00","0.00","-3356474.28","-3356474.28","9261403.40","0.00","0.00","0.00","0.00","0.00"
"2288","325276","1050202","000104460000105","1","12/31/2025","-87765235.80","2903065.56","-747801.05","0.00","0.00","100000000.00","-87765235.80","LN","0.00","0.00","0.00","0.00","-87765235.80","2903065.56","-747801.05","0.00","0.00","0.00","0.00","0.00","0.00","-3356474.28","-3356474.28","9261403.40","0.00","0.00","0.00","0.00","0.00"
"2289","329074","1050202","000104460000105","1","1/31/2026","-85591666.41","2903065.56","-729496.17","0.00","0.00","100000000.00","-85591666.41","LN","0.00","0.00","0.00","0.00","-85591666.41","2903065.56","-729496.17","0.00","0.00","0.00","0.00","0.00","0.00","-3356474.28","-3356474.28","9261403.40","0.00","0.00","0.00","0.00","0.00"
"2290","332888","1050202","000104460000105","1","2/28/2026","-83342012.97","2903065.56","-653412.12","0.00","0.00","100000000.00","-83342012.97","LN","0.00","0.00","0.00","0.00","-83342012.97","2903065.56","-653412.12","0.00","0.00","0.00","0.00","0.00","0.00","-3356474.28","-3356474.28","9261403.40","0.00","0.00","0.00","0.00","0.00"
"2291","336687","1050202","000104460000105","1","3/31/2026","-81130877.10","2903065.00","-691929.13","0.00","0.00","100000000.00","-81130877.10","LN","0.00","0.00","0.00","0.00","-81130877.10","2903065.00","-691929.13","0.00","0.00","0.00","0.00","0.00","0.00","-3356474.28","-3356474.28","9261403.40","0.00","0.00","0.00","0.00","0.00"
"2292","340467","1050202","000104460000105","1","4/30/2026","-78881119.06","2903066.12","-653308.08","0.00","0.00","100000000.00","-78881119.06","LN","0.00","0.00","0.00","0.00","-78881119.06","2903066.12","-653308.08","0.00","0.00","0.00","0.00","0.00","0.00","-3356474.28","-3356474.28","9261403.40","0.00","0.00","0.00","0.00","0.00"
"2293","344247","1050202","000104460000105","1","5/31/2026","-76638458.55","2903065.56","-660405.05","0.00","0.00","100000000.00","-76638458.55","LN","0.00","0.00","0.00","0.00","-76638458.55","2903065.56","-660405.05","0.00","0.00","0.00","0.00","0.00","0.00","-3356474.28","-3356474.28","9261403.40","0.00","0.00","0.00","0.00","0.00"
"2294","348027","1050202","000104460000105","1","6/30/2026","-74355753.87","2903065.56","-620360.88","0.00","0.00","100000000.00","-74355753.87","LN","0.00","0.00","0.00","0.00","-74355753.87","2903065.56","-620360.88","0.00","0.00","0.00","0.00","0.00","0.00","-3356474.28","-3356474.28","9261403.40","0.00","0.00","0.00","0.00","0.00"
"2295","351791","1050202","000104460000105","1","7/31/2026","-72065909.67","2903065.56","-613221.36","0.00","0.00","100000000.00","-72065909.67","LN","0.00","0.00","0.00","0.00","-72065909.67","2903065.56","-613221.36","0.00","0.00","0.00","0.00","0.00","0.00","-3356474.28","-3356474.28","9261403.40","0.00","0.00","0.00","0.00","0.00"
"2296","355557","1050202","000104460000105","1","8/31/2026","-69765366.27","2903065.56","-602522.16","0.00","0.00","100000000.00","-69765366.27","LN","0.00","0.00","0.00","0.00","-69765366.27","2903065.56","-602522.16","0.00","0.00","0.00","0.00","0.00","0.00","-3356474.28","-3356474.28","9261403.40","0.00","0.00","0.00","0.00","0.00"
"2297","256857","1050202","000104460000107","1","12/31/2024","-75020547.95","0.00","-75020547.95","0.00","0.00","75000000.00","-75020547.95","LN","0.00","0.00","0.00","0.00","-75020547.95","0.00","-75020547.95","0.00","0.00","0.00","0.00","0.00","0.00","0.00","0.00","0.00","0.00","0.00","0.00","0.00","0.00"
"2298","256858","1050202","000104460000107","1","1/31/2025","-75678262.19","0.00","-657714.24","0.00","0.00","75000000.00","-75678262.19","LN","0.00","0.00","0.00","0.00","-75678262.19","0.00","-657714.24","0.00","0.00","0.00","0.00","0.00","0.00","0.00","0.00","0.00","0.00","0.00","0.00","0.00","0.00"
"2299","256859","1050202","000104460000107","1","2/28/2025","-76258807.75","0.00","-580545.56","0.00","0.00","75000000.00","-76258807.75","LN","0.00","0.00","0.00","0.00","-76258807.75","0.00","-580545.56","0.00","0.00","0.00","0.00","0.00","0.00","0.00","0.00","0.00","0.00","0.00","0.00","0.00","0.00"
"2300","256860","1050202","000104460000107","1","3/31/2025","-76927377.99","0.00","-668570.24","0.00","0.00","75000000.00","-76927377.99","LN","0.00","0.00","0.00","0.00","-76927377.99","0.00","-668570.24","0.00","0.00","0.00","0.00","0.00","0.00","0.00","0.00","0.00","0.00","0.00","0.00","0.00","0.00"
"2301","256861","1050202","000104460000107","1","4/30/2025","-77559657.69","0.00","-632279.70","0.00","0.00","75000000.00","-77559657.69","LN","0.00","0.00","0.00","0.00","-77559657.69","0.00","-632279.70","0.00","0.00","0.00","0.00","0.00","0.00","0.00","0.00","0.00","0.00","0.00","0.00","0.00","0.00"
"2302","256862","1050202","000104460000107","1","5/31/2025","-77468178.03","750000.00","-658520.34","0.00","0.00","75000000.00","-77468178.03","LN","0.00","0.00","0.00","0.00","-77468178.03","750000.00","-658520.34","0.00","0.00","0.00","0.00","0.00","0.00","0.00","0.00","0.00","0.00","0.00","0.00","0.00","0.00"
"2303","256863","1050202","000104460000107","1","6/30/2025","-78104902.83","0.00","-636724.80","0.00","0.00","75000000.00","-78104902.83","LN","0.00","0.00","0.00","0.00","-78104902.83","0.00","-636724.80","0.00","0.00","0.00","0.00","0.00","0.00","0.00","0.00","0.00","0.00","0.00","0.00","0.00","0.00"
"2304","256864","1050202","000104460000107","1","7/31/2025","-78768259.43","0.00","-663356.60","0.00","0.00","75000000.00","-78768259.43","LN","0.00","0.00","0.00","0.00","-78768259.43","0.00","-663356.60","0.00","0.00","0.00","0.00","0.00","0.00","0.00","0.00","0.00","0.00","0.00","0.00","0.00","0.00"
"2305","260896","1050202","000104460000107","1","8/31/2025","-79436517.60","0.00","-668258.17","0.00","0.00","75000000.00","-79436517.60","LN","0.00","0.00","0.00","0.00","-79436517.60","0.00","-668258.17","0.00","0.00","0.00","0.00","0.00","0.00","-1238259.80","-1238259.80","750000.00","0.00","0.00","0.00","0.00","0.00"
"2306","268490","1050202","000104460000107","1","9/30/2025","-77375365.63","2700000.00","-638848.03","0.00","0.00","75000000.00","-77375365.63","LN","0.00","0.00","0.00","0.00","-77375365.63","2700000.00","-638848.03","0.00","0.00","0.00","0.00","0.00","0.00","-1238259.80","-1238259.80","750000.00","0.00","0.00","0.00","0.00","0.00"
"2307","289090","1050202","000104460000107","1","10/31/2025","-71729265.99","6300000.00","-653900.36","0.00","0.00","75000000.00","-71729265.99","LN","0.00","0.00","0.00","0.00","-71729265.99","6300000.00","-653900.36","0.00","0.00","0.00","0.00","0.00","0.00","-1238259.80","-1238259.80","750000.00","0.00","0.00","0.00","0.00","0.00"
"2308","292884","1050202","000104460000107","1","11/30/2025","-72318821.49","0.00","-589555.50","0.00","0.00","75000000.00","-72318821.49","LN","0.00","0.00","0.00","0.00","-72318821.49","0.00","-589555.50","0.00","0.00","0.00","0.00","0.00","0.00","-1238259.80","-1238259.80","750000.00","0.00","0.00","0.00","0.00","0.00"
"2309","325277","1050202","000104460000107","1","12/31/2025","-70117693.67","2800000.00","-598872.18","0.00","0.00","75000000.00","-70117693.67","LN","0.00","0.00","0.00","0.00","-70117693.67","2800000.00","-598872.18","0.00","0.00","0.00","0.00","0.00","0.00","-1238259.80","-1238259.80","750000.00","0.00","0.00","0.00","0.00","0.00"
"2310","329075","1050202","000104460000107","1","1/31/2026","-70713213.90","0.00","-595520.23","0.00","0.00","75000000.00","-70713213.90","LN","0.00","0.00","0.00","0.00","-70713213.90","0.00","-595520.23","0.00","0.00","0.00","0.00","0.00","0.00","-1238259.80","-1238259.80","750000.00","0.00","0.00","0.00","0.00","0.00"
"2311","332889","1050202","000104460000107","1","2/28/2026","-71255671.34","0.00","-542457.44","0.00","0.00","75000000.00","-71255671.34","LN","0.00","0.00","0.00","0.00","-71255671.34","0.00","-542457.44","0.00","0.00","0.00","0.00","0.00","0.00","-1238259.80","-1238259.80","750000.00","0.00","0.00","0.00","0.00","0.00"
"2312","336688","1050202","000104460000107","1","3/31/2026","-68855103.00","3000000.00","-599431.66","0.00","0.00","75000000.00","-68855103.00","LN","0.00","0.00","0.00","0.00","-68855103.00","3000000.00","-599431.66","0.00","0.00","0.00","0.00","0.00","0.00","-1238259.80","-1238259.80","750000.00","0.00","0.00","0.00","0.00","0.00"
"2313","340468","1050202","000104460000107","1","4/30/2026","-67914048.98","1500000.00","-558945.98","0.00","0.00","75000000.00","-67914048.98","LN","0.00","0.00","0.00","0.00","-67914048.98","1500000.00","-558945.98","0.00","0.00","0.00","0.00","0.00","0.00","-1238259.80","-1238259.80","750000.00","0.00","0.00","0.00","0.00","0.00"
"2314","344248","1050202","000104460000107","1","5/31/2026","-68490853.27","0.00","-576804.29","0.00","0.00","75000000.00","-68490853.27","LN","0.00","0.00","0.00","0.00","-68490853.27","0.00","-576804.29","0.00","0.00","0.00","0.00","0.00","0.00","-1238259.80","-1238259.80","750000.00","0.00","0.00","0.00","0.00","0.00"
"2315","348028","1050202","000104460000107","1","6/30/2026","-66043928.83","3000000.00","-553075.56","0.00","0.00","75000000.00","-66043928.83","LN","0.00","0.00","0.00","0.00","-66043928.83","3000000.00","-553075.56","0.00","0.00","0.00","0.00","0.00","0.00","-1238259.80","-1238259.80","750000.00","0.00","0.00","0.00","0.00","0.00"
"2316","351792","1050202","000104460000107","1","7/31/2026","-63601562.28","3000000.00","-557633.45","0.00","0.00","75000000.00","-63601562.28","LN","0.00","0.00","0.00","0.00","-63601562.28","3000000.00","-557633.45","0.00","0.00","0.00","0.00","0.00","0.00","-1238259.80","-1238259.80","750000.00","0.00","0.00","0.00","0.00","0.00"
"2317","355558","1050202","000104460000107","1","8/31/2026","-64141740.07","0.00","-540177.79","0.00","0.00","75000000.00","-64141740.07","LN","0.00","0.00","0.00","0.00","-64141740.07","0.00","-540177.79","0.00","0.00","0.00","0.00","0.00","0.00","-1238259.80","-1238259.80","750000.00","0.00","0.00","0.00","0.00","0.00"
"2318","256865","1050202","000104460000108","1","1/31/2025","-50013698.63","0.00","-50013698.63","0.00","0.00","50000000.00","-50013698.63","LN","0.00","0.00","0.00","0.00","-50013698.63","0.00","-50013698.63","0.00","0.00","0.00","0.00","0.00","0.00","0.00","0.00","0.00","0.00","0.00","0.00","0.00","0.00"
"2319","256866","1050202","000104460000108","1","2/28/2025","-50397365.27","0.00","-383666.64","0.00","0.00","50000000.00","-50397365.27","LN","0.00","0.00","0.00","0.00","-50397365.27","0.00","-383666.64","0.00","0.00","0.00","0.00","0.00","0.00","0.00","0.00","0.00","0.00","0.00","0.00","0.00","0.00"
"2320","256867","1050202","000104460000108","1","3/31/2025","-50839205.27","0.00","-441840.00","0.00","0.00","50000000.00","-50839205.27","LN","0.00","0.00","0.00","0.00","-50839205.27","0.00","-441840.00","0.00","0.00","0.00","0.00","0.00","0.00","0.00","0.00","0.00","0.00","0.00","0.00","0.00","0.00"
"2321","256868","1050202","000104460000108","1","4/30/2025","-51257061.77","0.00","-417856.50","0.00","0.00","50000000.00","-51257061.77","LN","0.00","0.00","0.00","0.00","-51257061.77","0.00","-417856.50","0.00","0.00","0.00","0.00","0.00","0.00","0.00","0.00","0.00","0.00","0.00","0.00","0.00","0.00"
"2322","256869","1050202","000104460000108","1","5/31/2025","-51692395.70","0.00","-435333.93","0.00","0.00","50000000.00","-51692395.70","LN","0.00","0.00","0.00","0.00","-51692395.70","0.00","-435333.93","0.00","0.00","0.00","0.00","0.00","0.00","0.00","0.00","0.00","0.00","0.00","0.00","0.00","0.00"
"2323","256870","1050202","000104460000108","1","6/30/2025","-52117264.70","0.00","-424869.00","0.00","0.00","50000000.00","-52117264.70","LN","0.00","0.00","0.00","0.00","-52117264.70","0.00","-424869.00","0.00","0.00","0.00","0.00","0.00","0.00","0.00","0.00","0.00","0.00","0.00","0.00","0.00","0.00"
"2324","256871","1050202","000104460000108","1","7/31/2025","-48968386.64","3570000.00","-421121.94","0.00","0.00","50000000.00","-48968386.64","LN","0.00","0.00","0.00","0.00","-48968386.64","3570000.00","-421121.94","0.00","0.00","0.00","0.00","0.00","0.00","0.00","0.00","0.00","0.00","0.00","0.00","0.00","0.00"
"2325","260897","1050202","000104460000108","1","8/31/2025","-49383798.40","0.00","-415411.76","0.00","0.00","50000000.00","-49383798.40","LN","0.00","0.00","0.00","0.00","-49383798.40","0.00","-415411.76","0.00","0.00","0.00","0.00","0.00","0.00","-383666.64","-383666.64","3570000.00","0.00","0.00","0.00","0.00","0.00"
"2326","268491","1050202","000104460000108","1","9/30/2025","-49789692.70","0.00","-405894.30","0.00","0.00","50000000.00","-49789692.70","LN","0.00","0.00","0.00","0.00","-49789692.70","0.00","-405894.30","0.00","0.00","0.00","0.00","0.00","0.00","-383666.64","-383666.64","3570000.00","0.00","0.00","0.00","0.00","0.00"
"2327","289091","1050202","000104460000108","1","10/31/2025","-50212564.01","0.00","-422871.31","0.00","0.00","50000000.00","-50212564.01","LN","0.00","0.00","0.00","0.00","-50212564.01","0.00","-422871.31","0.00","0.00","0.00","0.00","0.00","0.00","-383666.64","-383666.64","3570000.00","0.00","0.00","0.00","0.00","0.00"
"2328","292885","1050202","000104460000108","1","11/30/2025","-43473533.09","7140000.00","-400969.08","0.00","0.00","50000000.00","-43473533.09","LN","0.00","0.00","0.00","0.00","-43473533.09","7140000.00","-400969.08","0.00","0.00","0.00","0.00","0.00","0.00","-383666.64","-383666.64","3570000.00","0.00","0.00","0.00","0.00","0.00"
"2329","325278","1050202","000104460000108","1","12/31/2025","-43842760.45","0.00","-369227.36","0.00","0.00","50000000.00","-43842760.45","LN","0.00","0.00","0.00","0.00","-43842760.45","0.00","-369227.36","0.00","0.00","0.00","0.00","0.00","0.00","-383666.64","-383666.64","3570000.00","0.00","0.00","0.00","0.00","0.00"
"2330","329076","1050202","000104460000108","1","1/31/2026","-44215123.77","0.00","-372363.32","0.00","0.00","50000000.00","-44215123.77","LN","0.00","0.00","0.00","0.00","-44215123.77","0.00","-372363.32","0.00","0.00","0.00","0.00","0.00","0.00","-383666.64","-383666.64","3570000.00","0.00","0.00","0.00","0.00","0.00"
"2331","332890","1050202","000104460000108","1","2/28/2026","-44554308.21","0.00","-339184.44","0.00","0.00","50000000.00","-44554308.21","LN","0.00","0.00","0.00","0.00","-44554308.21","0.00","-339184.44","0.00","0.00","0.00","0.00","0.00","0.00","-383666.64","-383666.64","3570000.00","0.00","0.00","0.00","0.00","0.00"
"2332","336689","1050202","000104460000108","1","3/31/2026","-36234311.87","8651000.00","-331003.66","0.00","0.00","50000000.00","-36234311.87","LN","0.00","0.00","0.00","0.00","-36234311.87","8651000.00","-331003.66","0.00","0.00","0.00","0.00","0.00","0.00","-383666.64","-383666.64","3570000.00","0.00","0.00","0.00","0.00","0.00"
"2333","340469","1050202","000104460000108","1","4/30/2026","-36532128.17","0.00","-297816.30","0.00","0.00","50000000.00","-36532128.17","LN","0.00","0.00","0.00","0.00","-36532128.17","0.00","-297816.30","0.00","0.00","0.00","0.00","0.00","0.00","-383666.64","-383666.64","3570000.00","0.00","0.00","0.00","0.00","0.00"
"2334","344249","1050202","000104460000108","1","5/31/2026","-36842400.97","0.00","-310272.80","0.00","0.00","50000000.00","-36842400.97","LN","0.00","0.00","0.00","0.00","-36842400.97","0.00","-310272.80","0.00","0.00","0.00","0.00","0.00","0.00","-383666.64","-383666.64","3570000.00","0.00","0.00","0.00","0.00","0.00"
"2335","348029","1050202","000104460000108","1","6/30/2026","-37145215.27","0.00","-302814.30","0.00","0.00","50000000.00","-37145215.27","LN","0.00","0.00","0.00","0.00","-37145215.27","0.00","-302814.30","0.00","0.00","0.00","0.00","0.00","0.00","-383666.64","-383666.64","3570000.00","0.00","0.00","0.00","0.00","0.00"
"2336","351793","1050202","000104460000108","1","7/31/2026","-31822289.64","5623000.00","-300074.37","0.00","0.00","50000000.00","-31822289.64","LN","0.00","0.00","0.00","0.00","-31822289.64","5623000.00","-300074.37","0.00","0.00","0.00","0.00","0.00","0.00","-383666.64","-383666.64","3570000.00","0.00","0.00","0.00","0.00","0.00"
"2337","355559","1050202","000104460000108","1","8/31/2026","-32092561.28","0.00","-270271.64","0.00","0.00","50000000.00","-32092561.28","LN","0.00","0.00","0.00","0.00","-32092561.28","0.00","-270271.64","0.00","0.00","0.00","0.00","0.00","0.00","-383666.64","-383666.64","3570000.00","0.00","0.00","0.00","0.00","0.00"
"2338","256872","1050202","000104460000109","1","5/31/2025","-251369863.00","0.00","-251369863.00","0.00","0.00","250000000.00","-251369863.00","LN","0.00","0.00","0.00","0.00","-251369863.00","0.00","-251369863.00","0.00","0.00","0.00","0.00","0.00","0.00","0.00","0.00","0.00","0.00","0.00","0.00","0.00","0.00"
"2339","256873","1050202","000104460000109","1","6/30/2025","-253435916.80","0.00","-2066053.80","0.00","0.00","250000000.00","-253435916.80","LN","0.00","0.00","0.00","0.00","-253435916.80","0.00","-2066053.80","0.00","0.00","0.00","0.00","0.00","0.00","0.00","0.00","0.00","0.00","0.00","0.00","0.00","0.00"
"2340","256874","1050202","000104460000109","1","7/31/2025","-255588386.30","0.00","-2152469.50","0.00","0.00","250000000.00","-255588386.30","LN","0.00","0.00","0.00","0.00","-255588386.30","0.00","-2152469.50","0.00","0.00","0.00","0.00","0.00","0.00","0.00","0.00","0.00","0.00","0.00","0.00","0.00","0.00"
"2341","260898","1050202","000104460000109","1","8/31/2025","-257759137.12","0.00","-2170750.82","0.00","0.00","250000000.00","-257759137.12","LN","0.00","0.00","0.00","0.00","-257759137.12","0.00","-2170750.82","0.00","0.00","0.00","0.00","0.00","0.00","","","","","","","0.00","0.00"
"2342","268492","1050202","000104460000109","1","9/30/2025","-259877705.32","0.00","-2118568.20","0.00","0.00","250000000.00","-259877705.32","LN","0.00","0.00","0.00","0.00","-259877705.32","0.00","-2118568.20","0.00","0.00","0.00","0.00","0.00","0.00","","","","","","","0.00","0.00"
"2343","289092","1050202","000104460000109","1","10/31/2025","-262084885.79","0.00","-2207180.47","0.00","0.00","250000000.00","-262084885.79","LN","0.00","0.00","0.00","0.00","-262084885.79","0.00","-2207180.47","0.00","0.00","0.00","0.00","0.00","0.00","","","","","","","0.00","0.00"
"2344","292886","1050202","000104460000109","1","11/30/2025","-264239008.19","0.00","-2154122.40","0.00","0.00","250000000.00","-264239008.19","LN","0.00","0.00","0.00","0.00","-264239008.19","0.00","-2154122.40","0.00","0.00","0.00","0.00","0.00","0.00","","","","","","","0.00","0.00"
"2345","325279","1050202","000104460000109","1","12/31/2025","-266483229.94","0.00","-2244221.75","0.00","0.00","250000000.00","-266483229.94","LN","0.00","0.00","0.00","0.00","-266483229.94","0.00","-2244221.75","0.00","0.00","0.00","0.00","0.00","0.00","","","","","","","0.00","0.00"
"2346","329077","1050202","000104460000109","1","1/31/2026","-268746512.04","0.00","-2263282.10","0.00","0.00","250000000.00","-268746512.04","LN","0.00","0.00","0.00","0.00","-268746512.04","0.00","-2263282.10","0.00","0.00","0.00","0.00","0.00","0.00","","","","","","","0.00","0.00"
"2347","332891","1050202","000104460000109","1","2/28/2026","-270808129.08","0.00","-2061617.04","0.00","0.00","250000000.00","-270808129.08","LN","0.00","0.00","0.00","0.00","-270808129.08","0.00","-2061617.04","0.00","0.00","0.00","0.00","0.00","0.00","","","","","","","0.00","0.00"
"2348","336690","1050202","000104460000109","1","3/31/2026","0.00","275259769.56","-4451640.48","0.00","0.00","250000000.00","0.00","LN","0.00","0.00","0.00","0.00","0.00","275259769.56","-4451640.48","0.00","0.00","0.00","0.00","0.00","0.00","","","","","","","0.00","0.00"
"2349","256875","1050202","000104460000110","1","5/31/2025","-225423444.80","0.00","-225423444.80","0.00","0.00","224439600.00","-225423444.80","LN","0.00","0.00","0.00","0.00","-225423444.80","0.00","-225423444.80","0.00","0.00","0.00","0.00","0.00","0.00","0.00","0.00","0.00","0.00","0.00","0.00","0.00","0.00"
"2350","256876","1050202","000104460000110","1","6/30/2025","-227276240.30","0.00","-1852795.50","0.00","0.00","224439600.00","-227276240.30","LN","0.00","0.00","0.00","0.00","-227276240.30","0.00","-1852795.50","0.00","0.00","0.00","0.00","0.00","0.00","0.00","0.00","0.00","0.00","0.00","0.00","0.00","0.00"
"2351","256877","1050202","000104460000110","1","7/31/2025","-229206531.56","0.00","-1930291.26","0.00","0.00","224439600.00","-229206531.56","LN","0.00","0.00","0.00","0.00","-229206531.56","0.00","-1930291.26","0.00","0.00","0.00","0.00","0.00","0.00","0.00","0.00","0.00","0.00","0.00","0.00","0.00","0.00"
"2352","260899","1050202","000104460000110","1","8/31/2025","-231153217.17","0.00","-1946685.61","0.00","0.00","224439600.00","-231153217.17","LN","0.00","0.00","0.00","0.00","-231153217.17","0.00","-1946685.61","0.00","0.00","0.00","0.00","0.00","0.00","","","","","","","0.00","0.00"
"2353","268493","1050202","000104460000110","1","9/30/2025","-233053106.67","0.00","-1899889.50","0.00","0.00","224439600.00","-233053106.67","LN","0.00","0.00","0.00","0.00","-233053106.67","0.00","-1899889.50","0.00","0.00","0.00","0.00","0.00","0.00","","","","","","","0.00","0.00"
"2354","289093","1050202","000104460000110","1","10/31/2025","-235032461.94","0.00","-1979355.27","0.00","0.00","224439600.00","-235032461.94","LN","0.00","0.00","0.00","0.00","-235032461.94","0.00","-1979355.27","0.00","0.00","0.00","0.00","0.00","0.00","","","","","","","0.00","0.00"
"2355","292887","1050202","000104460000110","1","11/30/2025","-236964235.74","0.00","-1931773.80","0.00","0.00","224439600.00","-236964235.74","LN","0.00","0.00","0.00","0.00","-236964235.74","0.00","-1931773.80","0.00","0.00","0.00","0.00","0.00","0.00","","","","","","","0.00","0.00"
"2356","325280","1050202","000104460000110","1","12/31/2025","-238976808.75","0.00","-2012573.01","0.00","0.00","224439600.00","-238976808.75","LN","0.00","0.00","0.00","0.00","-238976808.75","0.00","-2012573.01","0.00","0.00","0.00","0.00","0.00","0.00","","","","","","","0.00","0.00"
"2357","329078","1050202","000104460000110","1","1/31/2026","-241006474.85","0.00","-2029666.10","0.00","0.00","224439600.00","-241006474.85","LN","0.00","0.00","0.00","0.00","-241006474.85","0.00","-2029666.10","0.00","0.00","0.00","0.00","0.00","0.00","","","","","","","0.00","0.00"
"2358","332892","1050202","000104460000110","1","2/28/2026","-242855291.61","0.00","-1848816.76","0.00","0.00","224439600.00","-242855291.61","LN","0.00","0.00","0.00","0.00","-242855291.61","0.00","-1848816.76","0.00","0.00","0.00","0.00","0.00","0.00","","","","","","","0.00","0.00"
"2359","336691","1050202","000104460000110","1","3/31/2026","-244917898.31","0.00","-2062606.70","0.00","0.00","224439600.00","-244917898.31","LN","0.00","0.00","0.00","0.00","-244917898.31","0.00","-2062606.70","0.00","0.00","0.00","0.00","0.00","0.00","","","","","","","0.00","0.00"
"2360","340470","1050202","000104460000110","1","4/30/2026","-215786538.46","31000000.00","-1868640.15","0.00","0.00","224439600.00","-215786538.46","LN","0.00","0.00","0.00","0.00","-215786538.46","31000000.00","-1868640.15","0.00","0.00","0.00","0.00","0.00","0.00","","","","","","","0.00","0.00"
"2361","344250","1050202","000104460000110","1","5/31/2026","-217619246.06","0.00","-1832707.60","0.00","0.00","224439600.00","-217619246.06","LN","0.00","0.00","0.00","0.00","-217619246.06","0.00","-1832707.60","0.00","0.00","0.00","0.00","0.00","0.00","","","","","","","0.00","0.00"
"2362","348030","1050202","000104460000110","1","6/30/2026","-219407897.36","0.00","-1788651.30","0.00","0.00","224439600.00","-219407897.36","LN","0.00","0.00","0.00","0.00","-219407897.36","0.00","-1788651.30","0.00","0.00","0.00","0.00","0.00","0.00","","","","","","","0.00","0.00"
"2363","351794","1050202","000104460000110","1","7/31/2026","-221271361.61","0.00","-1863464.25","0.00","0.00","224439600.00","-221271361.61","LN","0.00","0.00","0.00","0.00","-221271361.61","0.00","-1863464.25","0.00","0.00","0.00","0.00","0.00","0.00","","","","","","","0.00","0.00"
"2364","355560","1050202","000104460000110","1","8/31/2026","-223150652.60","0.00","-1879290.99","0.00","0.00","224439600.00","-223150652.60","LN","0.00","0.00","0.00","0.00","-223150652.60","0.00","-1879290.99","0.00","0.00","0.00","0.00","0.00","0.00","","","","","","","0.00","0.00"
"2365","256878","1050202","000104460000111","1","5/31/2025","-105060000.00","0.00","-105060000.00","0.00","0.00","105060000.00","-105060000.00","LN","0.00","0.00","0.00","0.00","-105060000.00","0.00","-105060000.00","0.00","0.00","0.00","0.00","0.00","0.00","0.00","0.00","0.00","0.00","0.00","0.00","0.00","0.00"
"2366","256879","1050202","000104460000111","1","6/30/2025","-105060000.00","0.00","0.00","0.00","0.00","105060000.00","-105060000.00","LN","0.00","0.00","0.00","0.00","-105060000.00","0.00","0.00","0.00","0.00","0.00","0.00","0.00","0.00","0.00","0.00","0.00","0.00","0.00","0.00","0.00","0.00"
"2367","256880","1050202","000104460000111","1","7/31/2025","-105060000.00","0.00","0.00","0.00","0.00","105060000.00","-105060000.00","LN","0.00","0.00","0.00","0.00","-105060000.00","0.00","0.00","0.00","0.00","0.00","0.00","0.00","0.00","0.00","0.00","0.00","0.00","0.00","0.00","0.00","0.00"
"2368","260900","1050202","000104460000111","1","8/31/2025","-105060000.00","0.00","0.00","0.00","0.00","105060000.00","-105060000.00","LN","0.00","0.00","0.00","0.00","-105060000.00","0.00","0.00","0.00","0.00","0.00","0.00","0.00","0.00","","","","","","","0.00","0.00"
"2369","268494","1050202","000104460000111","1","9/30/2025","-101410000.00","3650000.00","0.00","0.00","0.00","105060000.00","-101410000.00","LN","0.00","0.00","0.00","0.00","-101410000.00","3650000.00","0.00","0.00","0.00","0.00","0.00","0.00","0.00","","","","","","","0.00","0.00"
"2370","289094","1050202","000104460000111","1","10/31/2025","-97759061.08","3650938.92","0.00","0.00","0.00","105060000.00","-97759061.08","LN","0.00","0.00","0.00","0.00","-97759061.08","3650938.92","0.00","0.00","0.00","0.00","0.00","0.00","0.00","","","","","","","0.00","0.00"
"2371","292888","1050202","000104460000111","1","11/30/2025","-94108122.16","3650938.92","0.00","0.00","0.00","105060000.00","-94108122.16","LN","0.00","0.00","0.00","0.00","-94108122.16","3650938.92","0.00","0.00","0.00","0.00","0.00","0.00","0.00","","","","","","","0.00","0.00"
"2372","325281","1050202","000104460000111","1","12/31/2025","-90457186.24","3650935.92","0.00","0.00","0.00","105060000.00","-90457186.24","LN","0.00","0.00","0.00","0.00","-90457186.24","3650935.92","0.00","0.00","0.00","0.00","0.00","0.00","0.00","","","","","","","0.00","0.00"
"2373","329079","1050202","000104460000111","1","1/31/2026","-90457186.24","0.00","0.00","0.00","0.00","105060000.00","-90457186.24","LN","0.00","0.00","0.00","0.00","-90457186.24","0.00","0.00","0.00","0.00","0.00","0.00","0.00","0.00","","","","","","","0.00","0.00"
"2374","332893","1050202","000104460000111","1","2/28/2026","-86806247.32","3650938.92","0.00","0.00","0.00","105060000.00","-86806247.32","LN","0.00","0.00","0.00","0.00","-86806247.32","3650938.92","0.00","0.00","0.00","0.00","0.00","0.00","0.00","","","","","","","0.00","0.00"
"2375","336692","1050202","000104460000111","1","3/31/2026","-86806247.32","0.00","0.00","0.00","0.00","105060000.00","-86806247.32","LN","0.00","0.00","0.00","0.00","-86806247.32","0.00","0.00","0.00","0.00","0.00","0.00","0.00","0.00","","","","","","","0.00","0.00"
"2376","340471","1050202","000104460000111","1","4/30/2026","-86806247.32","0.00","0.00","0.00","0.00","105060000.00","-86806247.32","LN","0.00","0.00","0.00","0.00","-86806247.32","0.00","0.00","0.00","0.00","0.00","0.00","0.00","0.00","","","","","","","0.00","0.00"
"2377","344251","1050202","000104460000111","1","5/31/2026","-86806247.32","0.00","0.00","0.00","0.00","105060000.00","-86806247.32","LN","0.00","0.00","0.00","0.00","-86806247.32","0.00","0.00","0.00","0.00","0.00","0.00","0.00","0.00","","","","","","","0.00","0.00"
"2378","348031","1050202","000104460000111","1","6/30/2026","-86806247.32","0.00","0.00","0.00","0.00","105060000.00","-86806247.32","LN","0.00","0.00","0.00","0.00","-86806247.32","0.00","0.00","0.00","0.00","0.00","0.00","0.00","0.00","","","","","","","0.00","0.00"
"2379","351795","1050202","000104460000111","1","7/31/2026","-86806247.32","0.00","0.00","0.00","0.00","105060000.00","-86806247.32","LN","0.00","0.00","0.00","0.00","-86806247.32","0.00","0.00","0.00","0.00","0.00","0.00","0.00","0.00","","","","","","","0.00","0.00"
"2380","355561","1050202","000104460000111","1","8/31/2026","-86806247.32","0.00","0.00","0.00","0.00","105060000.00","-86806247.32","LN","0.00","0.00","0.00","0.00","-86806247.32","0.00","0.00","0.00","0.00","0.00","0.00","0.00","0.00","","","","","","","0.00","0.00"
"2381","256881","1050202","000104460000112","1","7/31/2025","-50123287.67","0.00","-50123287.67","0.00","0.00","50000000.00","-50123287.67","LN","0.00","0.00","0.00","0.00","-50123287.67","0.00","-50123287.67","0.00","0.00","0.00","0.00","0.00","0.00","0.00","0.00","0.00","0.00","0.00","0.00","0.00","0.00"
"2382","260901","1050202","000104460000112","1","8/31/2025","-50548992.38","0.00","-425704.71","0.00","0.00","50000000.00","-50548992.38","LN","0.00","0.00","0.00","0.00","-50548992.38","0.00","-425704.71","0.00","0.00","0.00","0.00","0.00","0.00","","","","","","","0.00","0.00"
"2383","268495","1050202","000104460000112","1","9/30/2025","-50964463.58","0.00","-415471.20","0.00","0.00","50000000.00","-50964463.58","LN","0.00","0.00","0.00","0.00","-50964463.58","0.00","-415471.20","0.00","0.00","0.00","0.00","0.00","0.00","","","","","","","0.00","0.00"
"2384","289095","1050202","000104460000112","1","10/31/2025","-51397312.55","0.00","-432848.97","0.00","0.00","50000000.00","-51397312.55","LN","0.00","0.00","0.00","0.00","-51397312.55","0.00","-432848.97","0.00","0.00","0.00","0.00","0.00","0.00","","","","","","","0.00","0.00"
"2385","292889","1050202","000104460000112","1","11/30/2025","-51819756.35","0.00","-422443.80","0.00","0.00","50000000.00","-51819756.35","LN","0.00","0.00","0.00","0.00","-51819756.35","0.00","-422443.80","0.00","0.00","0.00","0.00","0.00","0.00","","","","","","","0.00","0.00"
"2386","325282","1050202","000104460000112","1","12/31/2025","-52259869.24","0.00","-440112.89","0.00","0.00","50000000.00","-52259869.24","LN","0.00","0.00","0.00","0.00","-52259869.24","0.00","-440112.89","0.00","0.00","0.00","0.00","0.00","0.00","","","","","","","0.00","0.00"
"2387","329080","1050202","000104460000112","1","1/31/2026","-52103555.73","600000.00","-443686.49","0.00","0.00","50000000.00","-52103555.73","LN","0.00","0.00","0.00","0.00","-52103555.73","600000.00","-443686.49","0.00","0.00","0.00","0.00","0.00","0.00","","","","","","","0.00","0.00"
"2388","332894","1050202","000104460000112","1","2/28/2026","-52503254.33","0.00","-399698.60","0.00","0.00","50000000.00","-52503254.33","LN","0.00","0.00","0.00","0.00","-52503254.33","0.00","-399698.60","0.00","0.00","0.00","0.00","0.00","0.00","","","","","","","0.00","0.00"
"2389","336693","1050202","000104460000112","1","3/31/2026","-52045802.49","900000.00","-442548.16","0.00","0.00","50000000.00","-52045802.49","LN","0.00","0.00","0.00","0.00","-52045802.49","900000.00","-442548.16","0.00","0.00","0.00","0.00","0.00","0.00","","","","","","","0.00","0.00"
"2390","340472","1050202","000104460000112","1","4/30/2026","-52173493.90","300000.00","-427691.41","0.00","0.00","50000000.00","-52173493.90","LN","0.00","0.00","0.00","0.00","-52173493.90","300000.00","-427691.41","0.00","0.00","0.00","0.00","0.00","0.00","","","","","","","0.00","0.00"
"2391","344252","1050202","000104460000112","1","5/31/2026","-51416282.54","1200000.00","-442788.64","0.00","0.00","50000000.00","-51416282.54","LN","0.00","0.00","0.00","0.00","-51416282.54","1200000.00","-442788.64","0.00","0.00","0.00","0.00","0.00","0.00","","","","","","","0.00","0.00"
"2392","348032","1050202","000104460000112","1","6/30/2026","-51838882.04","0.00","-422599.50","0.00","0.00","50000000.00","-51838882.04","LN","0.00","0.00","0.00","0.00","-51838882.04","0.00","-422599.50","0.00","0.00","0.00","0.00","0.00","0.00","","","","","","","0.00","0.00"
"2393","351796","1050202","000104460000112","1","7/31/2026","-51675376.63","600000.00","-436494.59","0.00","0.00","50000000.00","-51675376.63","LN","0.00","0.00","0.00","0.00","-51675376.63","600000.00","-436494.59","0.00","0.00","0.00","0.00","0.00","0.00","","","","","","","0.00","0.00"
"2394","355562","1050202","000104460000112","1","8/31/2026","-52114263.47","0.00","-438886.84","0.00","0.00","50000000.00","-52114263.47","LN","0.00","0.00","0.00","0.00","-52114263.47","0.00","-438886.84","0.00","0.00","0.00","0.00","0.00","0.00","","","","","","","0.00","0.00"
"2395","325283","1050202","000104460000113","1","12/31/2025","-150986301.36","0.00","-150986301.36","0.00","0.00","150000000.00","-150986301.36","LN","0.00","0.00","0.00","0.00","-150986301.36","0.00","-150986301.36","0.00","0.00","0.00","0.00","0.00","0.00","","","","","","","0.00","0.00"
"2396","329081","1050202","000104460000113","1","1/31/2026","-152268650.77","0.00","-1282349.41","0.00","0.00","150000000.00","-152268650.77","LN","0.00","0.00","0.00","0.00","-152268650.77","0.00","-1282349.41","0.00","0.00","0.00","0.00","0.00","0.00","","","","","","","0.00","0.00"
"2397","332895","1050202","000104460000113","1","2/28/2026","-153436739.09","0.00","-1168088.32","0.00","0.00","150000000.00","-153436739.09","LN","0.00","0.00","0.00","0.00","-153436739.09","0.00","-1168088.32","0.00","0.00","0.00","0.00","0.00","0.00","","","","","","","0.00","0.00"
"2398","336694","1050202","000104460000113","1","3/31/2026","-154739900.35","0.00","-1303161.26","0.00","0.00","150000000.00","-154739900.35","LN","0.00","0.00","0.00","0.00","-154739900.35","0.00","-1303161.26","0.00","0.00","0.00","0.00","0.00","0.00","","","","","","","0.00","0.00"
"2399","340473","1050202","000104460000113","1","4/30/2026","-156011735.05","0.00","-1271834.70","0.00","0.00","150000000.00","-156011735.05","LN","0.00","0.00","0.00","0.00","-156011735.05","0.00","-1271834.70","0.00","0.00","0.00","0.00","0.00","0.00","","","","","","","0.00","0.00"
"2400","344253","1050202","000104460000113","1","5/31/2026","-157336766.19","0.00","-1325031.14","0.00","0.00","150000000.00","-157336766.19","LN","0.00","0.00","0.00","0.00","-157336766.19","0.00","-1325031.14","0.00","0.00","0.00","0.00","0.00","0.00","","","","","","","0.00","0.00"
"2401","348033","1050202","000104460000113","1","6/30/2026","-158629944.99","0.00","-1293178.80","0.00","0.00","150000000.00","-158629944.99","LN","0.00","0.00","0.00","0.00","-158629944.99","0.00","-1293178.80","0.00","0.00","0.00","0.00","0.00","0.00","","","","","","","0.00","0.00"
"2402","351797","1050202","000104460000113","1","7/31/2026","-159977213.05","0.00","-1347268.06","0.00","0.00","150000000.00","-159977213.05","LN","0.00","0.00","0.00","0.00","-159977213.05","0.00","-1347268.06","0.00","0.00","0.00","0.00","0.00","0.00","","","","","","","0.00","0.00"
"2403","355563","1050202","000104460000113","1","8/31/2026","-161335923.52","0.00","-1358710.47","0.00","0.00","150000000.00","-161335923.52","LN","0.00","0.00","0.00","0.00","-161335923.52","0.00","-1358710.47","0.00","0.00","0.00","0.00","0.00","0.00","","","","","","","0.00","0.00"
"2404","325284","1050202","000104460000114","1","12/31/2025","-84290378.49","0.00","-84290378.49","0.00","0.00","250000000.00","-84290378.49","LN","0.00","0.00","0.00","0.00","-84290378.49","0.00","-84290378.49","0.00","0.00","0.00","0.00","0.00","0.00","","","","","","","0.00","0.00"
"2405","329082","1050202","000104460000114","1","1/31/2026","-251492842.43","0.00","-167202463.94","0.00","0.00","250000000.00","-251492842.43","LN","0.00","0.00","0.00","0.00","-251492842.43","0.00","-167202463.94","0.00","0.00","0.00","0.00","0.00","0.00","","","","","","","0.00","0.00"
"2406","332896","1050202","000104460000114","1","2/28/2026","-253422102.63","0.00","-1929260.20","0.00","0.00","250000000.00","-253422102.63","LN","0.00","0.00","0.00","0.00","-253422102.63","0.00","-1929260.20","0.00","0.00","0.00","0.00","0.00","0.00","","","","","","","0.00","0.00"
"2407","336695","1050202","000104460000114","1","3/31/2026","-255574454.64","0.00","-2152352.01","0.00","0.00","250000000.00","-255574454.64","LN","0.00","0.00","0.00","0.00","-255574454.64","0.00","-2152352.01","0.00","0.00","0.00","0.00","0.00","0.00","","","","","","","0.00","0.00"
"2408","340474","1050202","000104460000114","1","4/30/2026","-257675066.64","0.00","-2100612.00","0.00","0.00","250000000.00","-257675066.64","LN","0.00","0.00","0.00","0.00","-257675066.64","0.00","-2100612.00","0.00","0.00","0.00","0.00","0.00","0.00","","","","","","","0.00","0.00"
"2409","344254","1050202","000104460000114","1","5/31/2026","-259863539.85","0.00","-2188473.21","0.00","0.00","250000000.00","-259863539.85","LN","0.00","0.00","0.00","0.00","-259863539.85","0.00","-2188473.21","0.00","0.00","0.00","0.00","0.00","0.00","","","","","","","0.00","0.00"
"2410","348034","1050202","000104460000114","1","6/30/2026","-225354821.64","36634546.05","-2125827.84","0.00","0.00","250000000.00","-225354821.64","LN","0.00","0.00","0.00","0.00","-225354821.64","36634546.05","-2125827.84","0.00","0.00","0.00","0.00","0.00","0.00","","","","","","","0.00","0.00"
"2411","351798","1050202","000104460000114","1","7/31/2026","-227268794.19","0.00","-1913972.55","0.00","0.00","250000000.00","-227268794.19","LN","0.00","0.00","0.00","0.00","-227268794.19","0.00","-1913972.55","0.00","0.00","0.00","0.00","0.00","0.00","","","","","","","0.00","0.00"
"2412","355564","1050202","000104460000114","1","8/31/2026","-229199022.21","0.00","-1930228.02","0.00","0.00","250000000.00","-229199022.21","LN","0.00","0.00","0.00","0.00","-229199022.21","0.00","-1930228.02","0.00","0.00","0.00","0.00","0.00","0.00","","","","","","","0.00","0.00"
"2413","325285","1050202","000104460000115","1","12/31/2025","-150575342.46","0.00","-150575342.46","0.00","0.00","150000000.00","-150575342.46","LN","0.00","0.00","0.00","0.00","-150575342.46","0.00","-150575342.46","0.00","0.00","0.00","0.00","0.00","0.00","","","","","","","0.00","0.00"
"2414","329083","1050202","000104460000115","1","1/31/2026","-151854201.58","0.00","-1278859.12","0.00","0.00","150000000.00","-151854201.58","LN","0.00","0.00","0.00","0.00","-151854201.58","0.00","-1278859.12","0.00","0.00","0.00","0.00","0.00","0.00","","","","","","","0.00","0.00"
"2415","332897","1050202","000104460000115","1","2/28/2026","-153019110.50","0.00","-1164908.92","0.00","0.00","150000000.00","-153019110.50","LN","0.00","0.00","0.00","0.00","-153019110.50","0.00","-1164908.92","0.00","0.00","0.00","0.00","0.00","0.00","","","","","","","0.00","0.00"
"2416","336696","1050202","000104460000115","1","3/31/2026","-146290609.67","8012748.18","-1284247.35","0.00","0.00","150000000.00","-146290609.67","LN","0.00","0.00","0.00","0.00","-146290609.67","8012748.18","-1284247.35","0.00","0.00","0.00","0.00","0.00","0.00","","","","","","","0.00","0.00"
"2417","340475","1050202","000104460000115","1","4/30/2026","-139478054.82","8012748.18","-1200193.33","0.00","0.00","150000000.00","-139478054.82","LN","0.00","0.00","0.00","0.00","-139478054.82","8012748.18","-1200193.33","0.00","0.00","0.00","0.00","0.00","0.00","","","","","","","0.00","0.00"
"2418","344255","1050202","000104460000115","1","5/31/2026","-140662663.09","0.00","-1184608.27","0.00","0.00","150000000.00","-140662663.09","LN","0.00","0.00","0.00","0.00","-140662663.09","0.00","-1184608.27","0.00","0.00","0.00","0.00","0.00","0.00","","","","","","","0.00","0.00"
"2419","348035","1050202","000104460000115","1","6/30/2026","-133779703.15","8012748.18","-1129788.24","0.00","0.00","150000000.00","-133779703.15","LN","0.00","0.00","0.00","0.00","-133779703.15","8012748.18","-1129788.24","0.00","0.00","0.00","0.00","0.00","0.00","","","","","","","0.00","0.00"
"2420","351799","1050202","000104460000115","1","7/31/2026","-126852674.83","8012748.18","-1085719.86","0.00","0.00","150000000.00","-126852674.83","LN","0.00","0.00","0.00","0.00","-126852674.83","8012748.18","-1085719.86","0.00","0.00","0.00","0.00","0.00","0.00","","","","","","","0.00","0.00"
"2421","355565","1050202","000104460000115","1","8/31/2026","-119890962.25","8012748.18","-1051035.60","0.00","0.00","150000000.00","-119890962.25","LN","0.00","0.00","0.00","0.00","-119890962.25","8012748.18","-1051035.60","0.00","0.00","0.00","0.00","0.00","0.00","","","","","","","0.00","0.00"
"2422","325286","1050202","000104460000116","1","12/31/2025","-401534246.56","0.00","-401534246.56","0.00","0.00","400000000.00","-401534246.56","LN","0.00","0.00","0.00","0.00","-401534246.56","0.00","-401534246.56","0.00","0.00","0.00","0.00","0.00","0.00","","","","","","","0.00","0.00"
"2423","329084","1050202","000104460000116","1","1/31/2026","-404944537.34","0.00","-3410290.78","0.00","0.00","400000000.00","-404944537.34","LN","0.00","0.00","0.00","0.00","-404944537.34","0.00","-3410290.78","0.00","0.00","0.00","0.00","0.00","0.00","","","","","","","0.00","0.00"
"2424","332898","1050202","000104460000116","1","2/28/2026","-408050961.22","0.00","-3106423.88","0.00","0.00","400000000.00","-408050961.22","LN","0.00","0.00","0.00","0.00","-408050961.22","0.00","-3106423.88","0.00","0.00","0.00","0.00","0.00","0.00","","","","","","","0.00","0.00"
"2425","336697","1050202","000104460000116","1","3/31/2026","-411516599.40","0.00","-3465638.18","0.00","0.00","400000000.00","-411516599.40","LN","0.00","0.00","0.00","0.00","-411516599.40","0.00","-3465638.18","0.00","0.00","0.00","0.00","0.00","0.00","","","","","","","0.00","0.00"
"2426","340476","1050202","000104460000116","1","4/30/2026","-414898927.50","0.00","-3382328.10","0.00","0.00","400000000.00","-414898927.50","LN","0.00","0.00","0.00","0.00","-414898927.50","0.00","-3382328.10","0.00","0.00","0.00","0.00","0.00","0.00","","","","","","","0.00","0.00"
"2427","344256","1050202","000104460000116","1","5/31/2026","-418422726.64","0.00","-3523799.14","0.00","0.00","400000000.00","-418422726.64","LN","0.00","0.00","0.00","0.00","-418422726.64","0.00","-3523799.14","0.00","0.00","0.00","0.00","0.00","0.00","","","","","","","0.00","0.00"
"2428","348036","1050202","000104460000116","1","6/30/2026","-421861817.44","0.00","-3439090.80","0.00","0.00","400000000.00","-421861817.44","LN","0.00","0.00","0.00","0.00","-421861817.44","0.00","-3439090.80","0.00","0.00","0.00","0.00","0.00","0.00","","","","","","","0.00","0.00"
"2429","351800","1050202","000104460000116","1","7/31/2026","-425444753.42","0.00","-3582935.98","0.00","0.00","400000000.00","-425444753.42","LN","0.00","0.00","0.00","0.00","-425444753.42","0.00","-3582935.98","0.00","0.00","0.00","0.00","0.00","0.00","","","","","","","0.00","0.00"
"2430","355566","1050202","000104460000116","1","8/31/2026","-429058119.93","0.00","-3613366.51","0.00","0.00","400000000.00","-429058119.93","LN","0.00","0.00","0.00","0.00","-429058119.93","0.00","-3613366.51","0.00","0.00","0.00","0.00","0.00","0.00","","","","","","","0.00","0.00"
"2431","325287","1050202","000104460000117","1","12/31/2025","-211119764.75","0.00","-211119764.75","0.00","0.00","210370500.00","-211119764.75","LN","0.00","0.00","0.00","0.00","-211119764.75","0.00","-211119764.75","0.00","0.00","0.00","0.00","0.00","0.00","","","","","","","0.00","0.00"
"2432","329085","1050202","000104460000117","1","1/31/2026","-212912836.68","0.00","-1793071.93","0.00","0.00","210370500.00","-212912836.68","LN","0.00","0.00","0.00","0.00","-212912836.68","0.00","-1793071.93","0.00","0.00","0.00","0.00","0.00","0.00","","","","","","","0.00","0.00"
"2433","332899","1050202","000104460000117","1","2/28/2026","-214546140.52","0.00","-1633303.84","0.00","0.00","210370500.00","-214546140.52","LN","0.00","0.00","0.00","0.00","-214546140.52","0.00","-1633303.84","0.00","0.00","0.00","0.00","0.00","0.00","","","","","","","0.00","0.00"
"2434","336698","1050202","000104460000117","1","3/31/2026","-196065204.69","20247581.37","-1766645.54","0.00","0.00","210370500.00","-196065204.69","LN","0.00","0.00","0.00","0.00","-196065204.69","20247581.37","-1766645.54","0.00","0.00","0.00","0.00","0.00","0.00","","","","","","","0.00","0.00"
"2435","340477","1050202","000104460000117","1","4/30/2026","-186435981.61","11237638.98","-1608415.90","0.00","0.00","210370500.00","-186435981.61","LN","0.00","0.00","0.00","0.00","-186435981.61","11237638.98","-1608415.90","0.00","0.00","0.00","0.00","0.00","0.00","","","","","","","0.00","0.00"
"2436","344257","1050202","000104460000117","1","5/31/2026","-176778692.68","11237638.98","-1580350.05","0.00","0.00","210370500.00","-176778692.68","LN","0.00","0.00","0.00","0.00","-176778692.68","11237638.98","-1580350.05","0.00","0.00","0.00","0.00","0.00","0.00","","","","","","","0.00","0.00"
"2437","348037","1050202","000104460000117","1","6/30/2026","-166987871.68","11237638.98","-1446817.98","0.00","0.00","210370500.00","-166987871.68","LN","0.00","0.00","0.00","0.00","-166987871.68","11237638.98","-1446817.98","0.00","0.00","0.00","0.00","0.00","0.00","","","","","","","0.00","0.00"
"2438","351801","1050202","000104460000117","1","7/31/2026","-157165407.00","11237638.98","-1415174.30","0.00","0.00","210370500.00","-157165407.00","LN","0.00","0.00","0.00","0.00","-157165407.00","11237638.98","-1415174.30","0.00","0.00","0.00","0.00","0.00","0.00","","","","","","","0.00","0.00"
"2439","355567","1050202","000104460000117","1","8/31/2026","-147259518.83","11237638.98","-1331750.81","0.00","0.00","210370500.00","-147259518.83","LN","0.00","0.00","0.00","0.00","-147259518.83","11237638.98","-1331750.81","0.00","0.00","0.00","0.00","0.00","0.00","","","","","","","0.00","0.00"
"2440","325288","1050202","000104460000118","1","12/31/2025","-50041095.89","0.00","-50041095.89","0.00","0.00","50000000.00","-50041095.89","LN","0.00","0.00","0.00","0.00","-50041095.89","0.00","-50041095.89","0.00","0.00","0.00","0.00","0.00","0.00","","","","","","","0.00","0.00"
"2441","329086","1050202","000104460000118","1","1/31/2026","-50466102.48","0.00","-425006.59","0.00","0.00","50000000.00","-50466102.48","LN","0.00","0.00","0.00","0.00","-50466102.48","0.00","-425006.59","0.00","0.00","0.00","0.00","0.00","0.00","","","","","","","0.00","0.00"
"2442","332900","1050202","000104460000118","1","2/28/2026","-50853239.72","0.00","-387137.24","0.00","0.00","50000000.00","-50853239.72","LN","0.00","0.00","0.00","0.00","-50853239.72","0.00","-387137.24","0.00","0.00","0.00","0.00","0.00","0.00","","","","","","","0.00","0.00"
"2443","336699","1050202","000104460000118","1","3/31/2026","-51285143.81","0.00","-431904.09","0.00","0.00","50000000.00","-51285143.81","LN","0.00","0.00","0.00","0.00","-51285143.81","0.00","-431904.09","0.00","0.00","0.00","0.00","0.00","0.00","","","","","","","0.00","0.00"
"2444","340478","1050202","000104460000118","1","4/30/2026","-51706665.41","0.00","-421521.60","0.00","0.00","50000000.00","-51706665.41","LN","0.00","0.00","0.00","0.00","-51706665.41","0.00","-421521.60","0.00","0.00","0.00","0.00","0.00","0.00","","","","","","","0.00","0.00"
"2445","344258","1050202","000104460000118","1","5/31/2026","-52145817.92","0.00","-439152.51","0.00","0.00","50000000.00","-52145817.92","LN","0.00","0.00","0.00","0.00","-52145817.92","0.00","-439152.51","0.00","0.00","0.00","0.00","0.00","0.00","","","","","","","0.00","0.00"
"2446","348038","1050202","000104460000118","1","6/30/2026","-49564550.78","3000000.00","-418732.86","0.00","0.00","50000000.00","-49564550.78","LN","0.00","0.00","0.00","0.00","-49564550.78","3000000.00","-418732.86","0.00","0.00","0.00","0.00","0.00","0.00","","","","","","","0.00","0.00"
"2447","351802","1050202","000104460000118","1","7/31/2026","-49985510.01","0.00","-420959.23","0.00","0.00","50000000.00","-49985510.01","LN","0.00","0.00","0.00","0.00","-49985510.01","0.00","-420959.23","0.00","0.00","0.00","0.00","0.00","0.00","","","","","","","0.00","0.00"
"2448","355568","1050202","000104460000118","1","8/31/2026","-50410044.47","0.00","-424534.46","0.00","0.00","50000000.00","-50410044.47","LN","0.00","0.00","0.00","0.00","-50410044.47","0.00","-424534.46","0.00","0.00","0.00","0.00","0.00","0.00","","","","","","","0.00","0.00"
"2449","329087","1050202","000104460000119","1","1/31/2026","-50000000.00","0.00","-50000000.00","0.00","0.00","50000000.00","-50000000.00","LN","0.00","0.00","0.00","0.00","-50000000.00","0.00","-50000000.00","0.00","0.00","0.00","0.00","0.00","0.00","","","","","","","0.00","0.00"
"2450","332901","1050202","000104460000119","1","2/28/2026","-50000000.00","0.00","0.00","0.00","0.00","50000000.00","-50000000.00","LN","0.00","0.00","0.00","0.00","-50000000.00","0.00","0.00","0.00","0.00","0.00","0.00","0.00","0.00","","","","","","","0.00","0.00"
"2451","336700","1050202","000104460000119","1","3/31/2026","-48356232.89","1750000.00","-106232.89","0.00","0.00","50000000.00","-48356232.89","LN","0.00","0.00","0.00","0.00","-48356232.89","1750000.00","-106232.89","0.00","0.00","0.00","0.00","0.00","0.00","","","","","","","0.00","0.00"
"2452","340479","1050202","000104460000119","1","4/30/2026","-47001763.49","1750000.00","-395530.60","0.00","0.00","50000000.00","-47001763.49","LN","0.00","0.00","0.00","0.00","-47001763.49","1750000.00","-395530.60","0.00","0.00","0.00","0.00","0.00","0.00","","","","","","","0.00","0.00"
"2453","344259","1050202","000104460000119","1","5/31/2026","-45549174.30","1851275.19","-398686.00","0.00","0.00","50000000.00","-45549174.30","LN","0.00","0.00","0.00","0.00","-45549174.30","1851275.19","-398686.00","0.00","0.00","0.00","0.00","0.00","0.00","","","","","","","0.00","0.00"
"2454","348039","1050202","000104460000119","1","6/30/2026","-45923551.20","0.00","-374376.90","0.00","0.00","50000000.00","-45923551.20","LN","0.00","0.00","0.00","0.00","-45923551.20","0.00","-374376.90","0.00","0.00","0.00","0.00","0.00","0.00","","","","","","","0.00","0.00"
"2455","351803","1050202","000104460000119","1","7/31/2026","-42808312.74","3500000.00","-384761.54","0.00","0.00","50000000.00","-42808312.74","LN","0.00","0.00","0.00","0.00","-42808312.74","3500000.00","-384761.54","0.00","0.00","0.00","0.00","0.00","0.00","","","","","","","0.00","0.00"
"2456","355569","1050202","000104460000119","1","8/31/2026","-41421410.59","1750000.00","-363097.85","0.00","0.00","50000000.00","-41421410.59","LN","0.00","0.00","0.00","0.00","-41421410.59","1750000.00","-363097.85","0.00","0.00","0.00","0.00","0.00","0.00","","","","","","","0.00","0.00"
"2457","336701","1050202","000104460000120","1","3/31/2026","-570964514.79","0.00","-570964514.79","0.00","0.00","570808129.08","-570964514.79","LN","0.00","0.00","0.00","0.00","-570964514.79","0.00","-570964514.79","0.00","0.00","0.00","0.00","0.00","0.00","","","","","","","0.00","0.00"
"2458","340480","1050202","000104460000120","1","4/30/2026","-575657373.69","0.00","-4692858.90","0.00","0.00","570808129.08","-575657373.69","LN","0.00","0.00","0.00","0.00","-575657373.69","0.00","-4692858.90","0.00","0.00","0.00","0.00","0.00","0.00","","","","","","","0.00","0.00"
"2459","344260","1050202","000104460000120","1","5/31/2026","-580546518.54","0.00","-4889144.85","0.00","0.00","570808129.08","-580546518.54","LN","0.00","0.00","0.00","0.00","-580546518.54","0.00","-4889144.85","0.00","0.00","0.00","0.00","0.00","0.00","","","","","","","0.00","0.00"
"2460","348040","1050202","000104460000120","1","6/30/2026","-585318133.74","0.00","-4771615.20","0.00","0.00","570808129.08","-585318133.74","LN","0.00","0.00","0.00","0.00","-585318133.74","0.00","-4771615.20","0.00","0.00","0.00","0.00","0.00","0.00","","","","","","","0.00","0.00"
"2461","351804","1050202","000104460000120","1","7/31/2026","-590289328.77","0.00","-4971195.03","0.00","0.00","570808129.08","-590289328.77","LN","0.00","0.00","0.00","0.00","-590289328.77","0.00","-4971195.03","0.00","0.00","0.00","0.00","0.00","0.00","","","","","","","0.00","0.00"
"2462","355570","1050202","000104460000120","1","8/31/2026","-595302744.87","0.00","-5013416.10","0.00","0.00","570808129.08","-595302744.87","LN","0.00","0.00","0.00","0.00","-595302744.87","0.00","-5013416.10","0.00","0.00","0.00","0.00","0.00","0.00","","","","","","","0.00","0.00"
"2463","317578","1050401","000106050000001","1","11/30/2025","-350000000.00","0.00","-350000000.00","0.00","0.00","350000000.00","-350000000.00","LN","0.00","0.00","0.00","0.00","-350000000.00","0.00","-350000000.00","0.00","0.00","0.00","0.00","0.00","0.00","0.00","0.00","0.00","0.00","0.00","0.00","0.00","0.00"
"2464","328960","1050401","000106050000001","1","12/31/2025","-368168835.85","0.00","-18168835.85","0.00","0.00","350000000.00","-368168835.85","LN","0.00","0.00","0.00","0.00","-368168835.85","0.00","-18168835.85","0.00","0.00","0.00","0.00","0.00","0.00","","","","","","","0.00","0.00"
"2465","332759","1050401","000106050000001","1","1/31/2026","-378941052.51","0.00","-10772216.66","0.00","0.00","350000000.00","-378941052.51","LN","0.00","0.00","0.00","0.00","-378941052.51","0.00","-10772216.66","0.00","0.00","0.00","0.00","0.00","0.00","","","","","","","0.00","0.00"
"2466","336573","1050401","000106050000001","1","2/28/2026","-388955478.19","0.00","-10014425.68","0.00","0.00","350000000.00","-388955478.19","LN","0.00","0.00","0.00","0.00","-388955478.19","0.00","-10014425.68","0.00","0.00","0.00","0.00","0.00","0.00","","","","","","","0.00","0.00"
"2467","340354","1050401","000106050000001","1","3/31/2026","-400335889.12","0.00","-11380410.93","0.00","0.00","350000000.00","-400335889.12","LN","0.00","0.00","0.00","0.00","-400335889.12","0.00","-11380410.93","0.00","0.00","0.00","0.00","0.00","0.00","","","","","","","0.00","0.00"
"2468","344133","1050401","000106050000001","1","4/30/2026","-411671427.22","0.00","-11335538.10","0.00","0.00","350000000.00","-411671427.22","LN","0.00","0.00","0.00","0.00","-411671427.22","0.00","-11335538.10","0.00","0.00","0.00","0.00","0.00","0.00","","","","","","","0.00","0.00"
"2469","347913","1050401","000106050000001","1","5/31/2026","-423716482.18","0.00","-12045054.96","0.00","0.00","350000000.00","-423716482.18","LN","0.00","0.00","0.00","0.00","-423716482.18","0.00","-12045054.96","0.00","0.00","0.00","0.00","0.00","0.00","","","","","","","0.00","0.00"
"2470","351693","1050401","000106050000001","1","6/30/2026","-418319235.72","17200000.00","-11802753.54","0.00","0.00","350000000.00","-418319235.72","LN","0.00","0.00","0.00","0.00","-418319235.72","17200000.00","-11802753.54","0.00","0.00","0.00","0.00","0.00","0.00","","","","","","","0.00","0.00"
"2471","355457","1050401","000106050000001","1","7/31/2026","-412985416.70","17200000.00","-11866180.98","0.00","0.00","350000000.00","-412985416.70","LN","0.00","0.00","0.00","0.00","-412985416.70","17200000.00","-11866180.98","0.00","0.00","0.00","0.00","0.00","0.00","","","","","","","0.00","0.00"
"2472","359223","1050401","000106050000001","1","8/31/2026","-407749959.27","17125000.00","-11889542.57","0.00","0.00","350000000.00","-407749959.27","LN","0.00","0.00","0.00","0.00","-407749959.27","17125000.00","-11889542.57","0.00","0.00","0.00","0.00","0.00","0.00","","","","","","","0.00","0.00"
"2473","317579","1050401","000106050000002","1","11/30/2025","-118000000.00","0.00","-118000000.00","0.00","0.00","118000000.00","-118000000.00","LN","0.00","0.00","0.00","0.00","-118000000.00","0.00","-118000000.00","0.00","0.00","0.00","0.00","0.00","0.00","0.00","0.00","0.00","0.00","0.00","0.00","0.00","0.00"
"2474","328961","1050401","000106050000002","1","12/31/2025","-118000000.00","0.00","0.00","0.00","0.00","118000000.00","-118000000.00","LN","0.00","0.00","0.00","0.00","-118000000.00","0.00","0.00","0.00","0.00","0.00","0.00","0.00","0.00","","","","","","","0.00","0.00"
"2475","332760","1050401","000106050000002","1","1/31/2026","-118000000.00","0.00","0.00","0.00","0.00","118000000.00","-118000000.00","LN","0.00","0.00","0.00","0.00","-118000000.00","0.00","0.00","0.00","0.00","0.00","0.00","0.00","0.00","","","","","","","0.00","0.00"
"2476","336574","1050401","000106050000002","1","2/28/2026","-129750860.16","0.00","-11750860.16","0.00","0.00","118000000.00","-129750860.16","LN","0.00","0.00","0.00","0.00","-129750860.16","0.00","-11750860.16","0.00","0.00","0.00","0.00","0.00","0.00","","","","","","","0.00","0.00"
"2477","340355","1050401","000106050000002","1","3/31/2026","-133602327.75","0.00","-3851467.59","0.00","0.00","118000000.00","-133602327.75","LN","0.00","0.00","0.00","0.00","-133602327.75","0.00","-3851467.59","0.00","0.00","0.00","0.00","0.00","0.00","","","","","","","0.00","0.00"
"2478","344134","1050401","000106050000002","1","4/30/2026","-137440191.75","0.00","-3837864.00","0.00","0.00","118000000.00","-137440191.75","LN","0.00","0.00","0.00","0.00","-137440191.75","0.00","-3837864.00","0.00","0.00","0.00","0.00","0.00","0.00","","","","","","","0.00","0.00"
"2479","347914","1050401","000106050000002","1","5/31/2026","-141519906.14","0.00","-4079714.39","0.00","0.00","118000000.00","-141519906.14","LN","0.00","0.00","0.00","0.00","-141519906.14","0.00","-4079714.39","0.00","0.00","0.00","0.00","0.00","0.00","","","","","","","0.00","0.00"
"2480","351694","1050401","000106050000002","1","6/30/2026","-145585210.94","0.00","-4065304.80","0.00","0.00","118000000.00","-145585210.94","LN","0.00","0.00","0.00","0.00","-145585210.94","0.00","-4065304.80","0.00","0.00","0.00","0.00","0.00","0.00","","","","","","","0.00","0.00"
"2481","355458","1050401","000106050000002","1","7/31/2026","-149906698.67","0.00","-4321487.73","0.00","0.00","118000000.00","-149906698.67","LN","0.00","0.00","0.00","0.00","-149906698.67","0.00","-4321487.73","0.00","0.00","0.00","0.00","0.00","0.00","","","","","","","0.00","0.00"
"2482","359224","1050401","000106050000002","1","8/31/2026","-154356463.47","0.00","-4449764.80","0.00","0.00","118000000.00","-154356463.47","LN","0.00","0.00","0.00","0.00","-154356463.47","0.00","-4449764.80","0.00","0.00","0.00","0.00","0.00","0.00","","","","","","","0.00","0.00"
"2483","317580","1050401","000106050000003","1","11/30/2025","-574259222.70","0.00","-574259222.70","0.00","0.00","1045790600.00","-574259222.70","LN","0.00","0.00","0.00","0.00","-574259222.70","0.00","-574259222.70","0.00","0.00","0.00","0.00","0.00","0.00","0.00","0.00","0.00","0.00","0.00","0.00","0.00","0.00"
"2484","328962","1050401","000106050000003","1","12/31/2025","-595184284.84","0.00","-20925062.14","0.00","0.00","1045790600.00","-595184284.84","LN","0.00","0.00","0.00","0.00","-595184284.84","0.00","-20925062.14","0.00","0.00","0.00","0.00","0.00","0.00","","","","","","","0.00","0.00"
"2485","332761","1050401","000106050000003","1","1/31/2026","-612876749.30","0.00","-17692464.46","0.00","0.00","1045790600.00","-612876749.30","LN","0.00","0.00","0.00","0.00","-612876749.30","0.00","-17692464.46","0.00","0.00","0.00","0.00","0.00","0.00","","","","","","","0.00","0.00"
"2486","336575","1050401","000106050000003","1","2/28/2026","-629332070.14","0.00","-16455320.84","0.00","0.00","1045790600.00","-629332070.14","LN","0.00","0.00","0.00","0.00","-629332070.14","0.00","-16455320.84","0.00","0.00","0.00","0.00","0.00","0.00","","","","","","","0.00","0.00"
"2487","340356","1050401","000106050000003","1","3/31/2026","-646847267.55","65444499.06","-82959696.47","0.00","0.00","1045790600.00","-646847267.55","LN","0.00","0.00","0.00","0.00","-646847267.55","65444499.06","-82959696.47","0.00","0.00","0.00","0.00","0.00","0.00","","","","","","","0.00","0.00"
"2488","344135","1050401","000106050000003","1","4/30/2026","-665455202.55","0.00","-18607935.00","0.00","0.00","1045790600.00","-665455202.55","LN","0.00","0.00","0.00","0.00","-665455202.55","0.00","-18607935.00","0.00","0.00","0.00","0.00","0.00","0.00","","","","","","","0.00","0.00"
"2489","347915","1050401","000106050000003","1","5/31/2026","-703548036.99","25000000.00","-63092834.44","0.00","0.00","1045790600.00","-703548036.99","LN","0.00","0.00","0.00","0.00","-703548036.99","25000000.00","-63092834.44","0.00","0.00","0.00","0.00","0.00","0.00","","","","","","","0.00","0.00"
"2490","351695","1050401","000106050000003","1","6/30/2026","-747414124.35","91371327.23","-135237414.59","0.00","0.00","1045790600.00","-747414124.35","LN","0.00","0.00","0.00","0.00","-747414124.35","91371327.23","-135237414.59","0.00","0.00","0.00","0.00","0.00","0.00","","","","","","","0.00","0.00"
"2491","355459","1050401","000106050000003","1","7/31/2026","-836668634.26","0.00","-89254509.91","0.00","0.00","1045790600.00","-836668634.26","LN","0.00","0.00","0.00","0.00","-836668634.26","0.00","-89254509.91","0.00","0.00","0.00","0.00","0.00","0.00","","","","","","","0.00","0.00"
"2492","359225","1050401","000106050000003","1","8/31/2026","-899565962.31","76000000.00","-138897328.05","0.00","0.00","1045790600.00","-899565962.31","LN","0.00","0.00","0.00","0.00","-899565962.31","76000000.00","-138897328.05","0.00","0.00","0.00","0.00","0.00","0.00","","","","","","","0.00","0.00"
"2493","317581","1050401","000106050000004","1","11/30/2025","-470795000.00","0.00","-470795000.00","0.00","0.00","470795000.00","-470795000.00","LN","0.00","0.00","0.00","0.00","-470795000.00","0.00","-470795000.00","0.00","0.00","0.00","0.00","0.00","0.00","0.00","0.00","0.00","0.00","0.00","0.00","0.00","0.00"
"2494","328963","1050401","000106050000004","1","12/31/2025","-445795000.00","25000000.00","0.00","0.00","0.00","470795000.00","-445795000.00","LN","0.00","0.00","0.00","0.00","-445795000.00","25000000.00","0.00","0.00","0.00","0.00","0.00","0.00","0.00","","","","","","","0.00","0.00"
"2495","332762","1050401","000106050000004","1","1/31/2026","-425795000.00","20000000.00","0.00","0.00","0.00","470795000.00","-425795000.00","LN","0.00","0.00","0.00","0.00","-425795000.00","20000000.00","0.00","0.00","0.00","0.00","0.00","0.00","0.00","","","","","","","0.00","0.00"
"2496","336576","1050401","000106050000004","1","2/28/2026","-471798359.84","0.00","-46003359.84","0.00","0.00","470795000.00","-471798359.84","LN","0.00","0.00","0.00","0.00","-471798359.84","0.00","-46003359.84","0.00","0.00","0.00","0.00","0.00","0.00","","","","","","","0.00","0.00"
"2497","340357","1050401","000106050000004","1","3/31/2026","-465225128.54","20000000.00","-13426768.70","0.00","0.00","470795000.00","-465225128.54","LN","0.00","0.00","0.00","0.00","-465225128.54","20000000.00","-13426768.70","0.00","0.00","0.00","0.00","0.00","0.00","","","","","","","0.00","0.00"
"2498","344136","1050401","000106050000004","1","4/30/2026","-458077105.80","20000000.00","-12851977.26","0.00","0.00","470795000.00","-458077105.80","LN","0.00","0.00","0.00","0.00","-458077105.80","20000000.00","-12851977.26","0.00","0.00","0.00","0.00","0.00","0.00","","","","","","","0.00","0.00"
"2499","347916","1050401","000106050000004","1","5/31/2026","-471479939.99","0.00","-13402834.19","0.00","0.00","470795000.00","-471479939.99","LN","0.00","0.00","0.00","0.00","-471479939.99","0.00","-13402834.19","0.00","0.00","0.00","0.00","0.00","0.00","","","","","","","0.00","0.00"
"2500","351696","1050401","000106050000004","1","6/30/2026","-464603406.27","20000000.00","-13123466.28","0.00","0.00","470795000.00","-464603406.27","LN","0.00","0.00","0.00","0.00","-464603406.27","20000000.00","-13123466.28","0.00","0.00","0.00","0.00","0.00","0.00","","","","","","","0.00","0.00"
"2501","355460","1050401","000106050000004","1","7/31/2026","-458008425.61","20000000.00","-13405019.34","0.00","0.00","470795000.00","-458008425.61","LN","0.00","0.00","0.00","0.00","-458008425.61","20000000.00","-13405019.34","0.00","0.00","0.00","0.00","0.00","0.00","","","","","","","0.00","0.00"
"2502","359226","1050401","000106050000004","1","8/31/2026","-451390373.36","20000000.00","-13381947.75","0.00","0.00","470795000.00","-451390373.36","LN","0.00","0.00","0.00","0.00","-451390373.36","20000000.00","-13381947.75","0.00","0.00","0.00","0.00","0.00","0.00","","","","","","","0.00","0.00"
"2503","328964","1050401","000106050000005","1","12/31/2025","-300000000.00","0.00","-300000000.00","0.00","0.00","300000000.00","-300000000.00","LN","0.00","0.00","0.00","0.00","-300000000.00","0.00","-300000000.00","0.00","0.00","0.00","0.00","0.00","0.00","","","","","","","0.00","0.00"
"2504","332763","1050401","000106050000005","1","1/31/2026","-300000000.00","0.00","0.00","0.00","0.00","300000000.00","-300000000.00","LN","0.00","0.00","0.00","0.00","-300000000.00","0.00","0.00","0.00","0.00","0.00","0.00","0.00","0.00","","","","","","","0.00","0.00"
"2505","336577","1050401","000106050000005","1","2/28/2026","-319589588.92","0.00","-19589588.92","0.00","0.00","300000000.00","-319589588.92","LN","0.00","0.00","0.00","0.00","-319589588.92","0.00","-19589588.92","0.00","0.00","0.00","0.00","0.00","0.00","","","","","","","0.00","0.00"
"2506","340358","1050401","000106050000005","1","3/31/2026","-329103289.28","0.00","-9513700.36","0.00","0.00","300000000.00","-329103289.28","LN","0.00","0.00","0.00","0.00","-329103289.28","0.00","-9513700.36","0.00","0.00","0.00","0.00","0.00","0.00","","","","","","","0.00","0.00"
"2507","344137","1050401","000106050000005","1","4/30/2026","-338584168.88","0.00","-9480879.60","0.00","0.00","300000000.00","-338584168.88","LN","0.00","0.00","0.00","0.00","-338584168.88","0.00","-9480879.60","0.00","0.00","0.00","0.00","0.00","0.00","","","","","","","0.00","0.00"
"2508","347917","1050401","000106050000005","1","5/31/2026","-348663309.24","0.00","-10079140.36","0.00","0.00","300000000.00","-348663309.24","LN","0.00","0.00","0.00","0.00","-348663309.24","0.00","-10079140.36","0.00","0.00","0.00","0.00","0.00","0.00","","","","","","","0.00","0.00"
"2509","351697","1050401","000106050000005","1","6/30/2026","-358707678.24","0.00","-10044369.00","0.00","0.00","300000000.00","-358707678.24","LN","0.00","0.00","0.00","0.00","-358707678.24","0.00","-10044369.00","0.00","0.00","0.00","0.00","0.00","0.00","","","","","","","0.00","0.00"
"2510","355461","1050401","000106050000005","1","7/31/2026","-369385865.39","0.00","-10678187.15","0.00","0.00","300000000.00","-369385865.39","LN","0.00","0.00","0.00","0.00","-369385865.39","0.00","-10678187.15","0.00","0.00","0.00","0.00","0.00","0.00","","","","","","","0.00","0.00"
"2511","359227","1050401","000106050000005","1","8/31/2026","-380381925.92","0.00","-10996060.53","0.00","0.00","300000000.00","-380381925.92","LN","0.00","0.00","0.00","0.00","-380381925.92","0.00","-10996060.53","0.00","0.00","0.00","0.00","0.00","0.00","","","","","","","0.00","0.00"
"2512","332764","1050401","000106050000006","1","1/31/2026","-3139259000.00","0.00","-3139259000.00","0.00","0.00","3139259000.00","-3139259000.00","LN","0.00","0.00","0.00","0.00","-3139259000.00","0.00","-3139259000.00","0.00","0.00","0.00","0.00","0.00","0.00","","","","","","","0.00","0.00"
"2513","336578","1050401","000106050000006","1","2/28/2026","-3261797609.78","0.00","-122538609.78","0.00","0.00","3139259000.00","-3261797609.78","LN","0.00","0.00","0.00","0.00","-3261797609.78","0.00","-122538609.78","0.00","0.00","0.00","0.00","0.00","0.00","","","","","","","0.00","0.00"
"2514","340359","1050401","000106050000006","1","3/31/2026","-2991133646.55","366582668.00","-95918704.77","0.00","0.00","3139259000.00","-2991133646.55","LN","0.00","0.00","0.00","0.00","-2991133646.55","366582668.00","-95918704.77","0.00","0.00","0.00","0.00","0.00","0.00","","","","","","","0.00","0.00"
"2515","344138","1050401","000106050000006","1","4/30/2026","-2893099503.06","183291334.00","-85257190.51","0.00","0.00","3139259000.00","-2893099503.06","LN","0.00","0.00","0.00","0.00","-2893099503.06","183291334.00","-85257190.51","0.00","0.00","0.00","0.00","0.00","0.00","","","","","","","0.00","0.00"
"2516","347918","1050401","000106050000006","1","5/31/2026","-2978485569.81","0.00","-85386066.75","0.00","0.00","3139259000.00","-2978485569.81","LN","0.00","0.00","0.00","0.00","-2978485569.81","0.00","-85386066.75","0.00","0.00","0.00","0.00","0.00","0.00","","","","","","","0.00","0.00"
"2517","351698","1050401","000106050000006","1","6/30/2026","-3063556013.91","0.00","-85070444.10","0.00","0.00","3139259000.00","-3063556013.91","LN","0.00","0.00","0.00","0.00","-3063556013.91","0.00","-85070444.10","0.00","0.00","0.00","0.00","0.00","0.00","","","","","","","0.00","0.00"
"2518","355462","1050401","000106050000006","1","7/31/2026","-2966667970.83","183291334.00","-86403290.92","0.00","0.00","3139259000.00","-2966667970.83","LN","0.00","0.00","0.00","0.00","-2966667970.83","183291334.00","-86403290.92","0.00","0.00","0.00","0.00","0.00","0.00","","","","","","","0.00","0.00"
"2519","359228","1050401","000106050000006","1","8/31/2026","-3054225315.40","0.00","-87557344.57","0.00","0.00","3139259000.00","-3054225315.40","LN","0.00","0.00","0.00","0.00","-3054225315.40","0.00","-87557344.57","0.00","0.00","0.00","0.00","0.00","0.00","","","","","","","0.00","0.00"
"2520","340360","1050401","000106050000007","1","3/31/2026","-262306720.63","0.00","-262306720.63","0.00","0.00","1347651030.00","-262306720.63","LN","0.00","0.00","0.00","0.00","-262306720.63","0.00","-262306720.63","0.00","0.00","0.00","0.00","0.00","0.00","","","","","","","0.00","0.00"
"2521","344139","1050401","000106050000007","1","4/30/2026","-316865838.35","0.00","-54559117.72","0.00","0.00","1347651030.00","-316865838.35","LN","0.00","0.00","0.00","0.00","-316865838.35","0.00","-54559117.72","0.00","0.00","0.00","0.00","0.00","0.00","","","","","","","0.00","0.00"
"2522","347919","1050401","000106050000007","1","5/31/2026","-361385835.51","0.00","-44519997.16","0.00","0.00","1347651030.00","-361385835.51","LN","0.00","0.00","0.00","0.00","-361385835.51","0.00","-44519997.16","0.00","0.00","0.00","0.00","0.00","0.00","","","","","","","0.00","0.00"
"2523","351699","1050401","000106050000007","1","6/30/2026","-534069923.96","0.00","-172684088.45","0.00","0.00","1347651030.00","-534069923.96","LN","0.00","0.00","0.00","0.00","-534069923.96","0.00","-172684088.45","0.00","0.00","0.00","0.00","0.00","0.00","","","","","","","0.00","0.00"
"2524","355463","1050401","000106050000007","1","7/31/2026","-437627983.66","109800000.00","-13358059.70","0.00","0.00","1347651030.00","-437627983.66","LN","0.00","0.00","0.00","0.00","-437627983.66","109800000.00","-13358059.70","0.00","0.00","0.00","0.00","0.00","0.00","","","","","","","0.00","0.00"
"2525","359229","1050401","000106050000007","1","8/31/2026","-450544004.08","0.00","-12916020.42","0.00","0.00","1347651030.00","-450544004.08","LN","0.00","0.00","0.00","0.00","-450544004.08","0.00","-12916020.42","0.00","0.00","0.00","0.00","0.00","0.00","","","","","","","0.00","0.00"
"2526","344140","1050401","000106050000008","1","4/30/2026","-633091283.28","0.00","-633091283.28","0.00","0.00","628340000.00","-633091283.28","LN","0.00","0.00","0.00","0.00","-633091283.28","0.00","-633091283.28","0.00","0.00","0.00","0.00","0.00","0.00","","","","","","","0.00","0.00"
"2527","347920","1050401","000106050000008","1","5/31/2026","-651641725.13","0.00","-18550441.85","0.00","0.00","628340000.00","-651641725.13","LN","0.00","0.00","0.00","0.00","-651641725.13","0.00","-18550441.85","0.00","0.00","0.00","0.00","0.00","0.00","","","","","","","0.00","0.00"
"2528","351700","1050401","000106050000008","1","6/30/2026","-670119785.03","0.00","-18478059.90","0.00","0.00","628340000.00","-670119785.03","LN","0.00","0.00","0.00","0.00","-670119785.03","0.00","-18478059.90","0.00","0.00","0.00","0.00","0.00","0.00","","","","","","","0.00","0.00"
"2529","355464","1050401","000106050000008","1","7/31/2026","-689755212.62","0.00","-19635427.59","0.00","0.00","628340000.00","-689755212.62","LN","0.00","0.00","0.00","0.00","-689755212.62","0.00","-19635427.59","0.00","0.00","0.00","0.00","0.00","0.00","","","","","","","0.00","0.00"
"2530","359230","1050401","000106050000008","1","8/31/2026","-709965985.33","0.00","-20210772.71","0.00","0.00","628340000.00","-709965985.33","LN","0.00","0.00","0.00","0.00","-709965985.33","0.00","-20210772.71","0.00","0.00","0.00","0.00","0.00","0.00","","","","","","","0.00","0.00"
"2531","344141","1050401","000106050000009","1","4/30/2026","-298010648.26","0.00","-298010648.26","0.00","0.00","1055473655.00","-298010648.26","LN","0.00","0.00","0.00","0.00","-298010648.26","0.00","-298010648.26","0.00","0.00","0.00","0.00","0.00","0.00","","","","","","","0.00","0.00"
"2532","347921","1050401","000106050000009","1","5/31/2026","-306806044.83","0.00","-8795396.57","0.00","0.00","1055473655.00","-306806044.83","LN","0.00","0.00","0.00","0.00","-306806044.83","0.00","-8795396.57","0.00","0.00","0.00","0.00","0.00","0.00","","","","","","","0.00","0.00"
"2533","351701","1050401","000106050000009","1","6/30/2026","-315568929.93","0.00","-8762885.10","0.00","0.00","1055473655.00","-315568929.93","LN","0.00","0.00","0.00","0.00","-315568929.93","0.00","-8762885.10","0.00","0.00","0.00","0.00","0.00","0.00","","","","","","","0.00","0.00"
"2534","355465","1050401","000106050000009","1","7/31/2026","-324882536.14","0.00","-9313606.21","0.00","0.00","1055473655.00","-324882536.14","LN","0.00","0.00","0.00","0.00","-324882536.14","0.00","-9313606.21","0.00","0.00","0.00","0.00","0.00","0.00","","","","","","","0.00","0.00"
"2535","359231","1050401","000106050000009","1","8/31/2026","-334471021.52","0.00","-9588485.38","0.00","0.00","1055473655.00","-334471021.52","LN","0.00","0.00","0.00","0.00","-334471021.52","0.00","-9588485.38","0.00","0.00","0.00","0.00","0.00","0.00","","","","","","","0.00","0.00"
"2536","347922","1050401","000106050000010","1","5/31/2026","-809336986.28","0.00","-809336986.28","0.00","0.00","1500000000.00","-809336986.28","LN","0.00","0.00","0.00","0.00","-809336986.28","0.00","-809336986.28","0.00","0.00","0.00","0.00","0.00","0.00","","","","","","","0.00","0.00"
"2537","351702","1050401","000106050000010","1","6/30/2026","-1552695723.06","0.00","-743358736.78","0.00","0.00","1500000000.00","-1552695723.06","LN","0.00","0.00","0.00","0.00","-1552695723.06","0.00","-743358736.78","0.00","0.00","0.00","0.00","0.00","0.00","","","","","","","0.00","0.00"
"2538","355466","1050401","000106050000010","1","7/31/2026","-1599510562.47","0.00","-46814839.41","0.00","0.00","1500000000.00","-1599510562.47","LN","0.00","0.00","0.00","0.00","-1599510562.47","0.00","-46814839.41","0.00","0.00","0.00","0.00","0.00","0.00","","","","","","","0.00","0.00"
"2539","359232","1050401","000106050000010","1","8/31/2026","-1647736901.63","0.00","-48226339.16","0.00","0.00","1500000000.00","-1647736901.63","LN","0.00","0.00","0.00","0.00","-1647736901.63","0.00","-48226339.16","0.00","0.00","0.00","0.00","0.00","0.00","","","","","","","0.00","0.00"
"2540","351703","1050401","000106050000011","1","6/30/2026","-565076027.29","0.00","-565076027.29","0.00","0.00","550000000.00","-565076027.29","LN","0.00","0.00","0.00","0.00","-565076027.29","0.00","-565076027.29","0.00","0.00","0.00","0.00","0.00","0.00","","","","","","","0.00","0.00"
"2541","355467","1050401","000106050000011","1","7/31/2026","-581633529.05","0.00","-16557501.76","0.00","0.00","550000000.00","-581633529.05","LN","0.00","0.00","0.00","0.00","-581633529.05","0.00","-16557501.76","0.00","0.00","0.00","0.00","0.00","0.00","","","","","","","0.00","0.00"
"2542","359233","1050401","000106050000011","1","8/31/2026","-598676188.25","0.00","-17042659.20","0.00","0.00","550000000.00","-598676188.25","LN","0.00","0.00","0.00","0.00","-598676188.25","0.00","-17042659.20","0.00","0.00","0.00","0.00","0.00","0.00","","","","","","","0.00","0.00"
"2543","351704","1050401","000106050000012","1","6/30/2026","-616446575.41","0.00","-616446575.41","0.00","0.00","600000000.00","-616446575.41","LN","0.00","0.00","0.00","0.00","-616446575.41","0.00","-616446575.41","0.00","0.00","0.00","0.00","0.00","0.00","","","","","","","0.00","0.00"
"2544","355468","1050401","000106050000012","1","7/31/2026","-7534353.97","617250000.00","-8337778.56","0.00","0.00","600000000.00","-7534353.97","LN","0.00","0.00","0.00","0.00","-7534353.97","617250000.00","-8337778.56","0.00","0.00","0.00","0.00","0.00","0.00","","","","","","","0.00","0.00"
"2545","359234","1050401","000106050000012","1","8/31/2026","-7755120.78","0.00","-220766.81","0.00","0.00","600000000.00","-7755120.78","LN","0.00","0.00","0.00","0.00","-7755120.78","0.00","-220766.81","0.00","0.00","0.00","0.00","0.00","0.00","","","","","","","0.00","0.00"
"2546","355469","1050401","000106050000013","1","7/31/2026","-879349761.75","0.00","-879349761.75","0.00","0.00","854000000.00","-879349761.75","LN","0.00","0.00","0.00","0.00","-879349761.75","0.00","-879349761.75","0.00","0.00","0.00","0.00","0.00","0.00","","","","","","","0.00","0.00"
"2547","359235","1050401","000106050000013","1","8/31/2026","-905451994.56","0.00","-26102232.81","0.00","0.00","854000000.00","-905451994.56","LN","0.00","0.00","0.00","0.00","-905451994.56","0.00","-26102232.81","0.00","0.00","0.00","0.00","0.00","0.00","","","","","","","0.00","0.00"
"2548","359236","1050401","000106050000014","1","8/31/2026","-286489041.10","0.00","-286489041.10","0.00","0.00","1560150000.00","-286489041.10","LN","0.00","0.00","0.00","0.00","-286489041.10","0.00","-286489041.10","0.00","0.00","0.00","0.00","0.00","0.00","","","","","","","0.00","0.00"
"2549","359237","1050401","000106050000015","1","8/31/2026","-1000904109.59","0.00","-1000904109.59","0.00","0.00","1000000000.00","-1000904109.59","LN","0.00","0.00","0.00","0.00","-1000904109.59","0.00","-1000904109.59","0.00","0.00","0.00","0.00","0.00","0.00","","","","","","","0.00","0.00"
